-5.193587541580200195e-01
-4.258436679840087891e+00
-3.555661141872406006e-01
-3.555572271347045898e+00
2.800905704498291016e+00
-5.085067152976989746e-01
-2.681378602981567383e+00
-1.163049578666687012e+00
-2.603237152099609375e+00
-2.554737329483032227e+00
3.302861452102661133e+00
-3.880096077919006348e-01
-4.520014822483062744e-01
-1.252025008201599121e+00
1.737459540367126465e+00
3.295174598693847656e+00
-1.365817308425903320e+00
3.588973522186279297e+00
-7.695857286453247070e-01
1.181259989738464355e+00
-2.116832733154296875e+00
-3.374787092208862305e+00
-2.113156080245971680e+00
5.614887237548828125e+00
1.787866353988647461e+00
4.976336658000946045e-01
2.943683564662933350e-01
1.652214527130126953e+00
-1.492264151573181152e+00
-1.757701039314270020e+00
-3.481525421142578125e+00
2.804470539093017578e+00
-4.807458817958831787e-02
-1.244009017944335938e+00
8.856939077377319336e-01
-2.162947893142700195e+00
-6.021434068679809570e-01
-1.457894563674926758e+00
1.356084942817687988e+00
8.242049217224121094e-01
4.966105937957763672e+00
-1.718349814414978027e+00
1.415144205093383789e-01
4.068446457386016846e-01
-9.363133460283279419e-02
1.455766320228576660e+00
-4.657950699329376221e-01
6.204119324684143066e-01
1.093410849571228027e+00
1.320544838905334473e+00
-2.973806262016296387e-01
1.805208683013916016e+00
3.331668972969055176e-01
2.537801861763000488e-01
3.015318512916564941e-01
-6.425096988677978516e-01
-1.415639758110046387e+00
-1.641213893890380859e+00
9.457363486289978027e-01
-2.936519980430603027e-01
3.103294372558593750e-01
-2.431571245193481445e+00
9.195842146873474121e-01
2.339150905609130859e+00
2.101069450378417969e+00
-7.669830322265625000e-02
-3.083389997482299805e-01
2.740451574325561523e+00
1.426936089992523193e-01
1.623844146728515625e+00
-1.002522349357604980e+00
-1.074903368949890137e+00
-7.669509649276733398e-01
1.713328480720520020e+00
-3.097846031188964844e+00
1.851339697837829590e+00
-2.363832235336303711e+00
-1.585293889045715332e+00
-7.297674417495727539e-01
8.222009539604187012e-01
1.113981604576110840e+00
2.351991653442382812e+00
-4.362764656543731689e-01
2.250034570693969727e+00
-6.008291840553283691e-01
1.147820472717285156e+00
4.764326214790344238e-01
-2.526396512985229492e+00
1.144599795341491699e+00
4.983786642551422119e-01
-1.848627328872680664e+00
-1.869767427444458008e+00
-1.109618186950683594e+00
-1.290615558624267578e+00
1.053372740745544434e+00
3.762316107749938965e-01
-9.199645370244979858e-02
1.586772918701171875e+00
-4.423053562641143799e-01
7.769351005554199219e-01
-3.417130410671234131e-01
1.172995209693908691e+00
-5.809393405914306641e+00
-1.265182256698608398e+00
2.275183200836181641e+00
-1.028029203414916992e+00
-2.427340298891067505e-01
-5.844145417213439941e-01
-1.889815688133239746e+00
-1.506732702255249023e+00
2.823231458663940430e+00
5.813716053962707520e-01
-1.026359200477600098e+00
5.323326587677001953e-01
1.856994509696960449e+00
2.881765365600585938e+00
-1.906127214431762695e+00
2.289273977279663086e+00
6.738146781921386719e+00
-1.508453845977783203e+00
-6.431723237037658691e-01
9.003278732299804688e+00
2.319842427968978882e-01
-1.730385780334472656e+00
-4.388803243637084961e-01
-1.136936992406845093e-01
5.443008542060852051e-01
-3.531593561172485352e+00
-8.006937503814697266e-01
-1.200730562210083008e+00
-2.882579565048217773e+00
-1.105006933212280273e+00
-2.772646188735961914e+00
1.855156779289245605e+00
-2.288838863372802734e+00
-4.106484353542327881e-01
-6.748863220214843750e+00
-2.624895334243774414e+00
2.947781383991241455e-01
-1.780870556831359863e+00
-9.605044722557067871e-01
-3.087563276290893555e+00
4.936404228210449219e+00
6.606716156005859375e+00
-3.193870782852172852e-01
7.647085666656494141e+00
8.769057691097259521e-02
1.609213471412658691e+00
-3.435635328292846680e+00
-3.841662108898162842e-01
-2.275507926940917969e+00
1.338919043540954590e+00
4.388744831085205078e+00
1.256835818290710449e+00
-1.183181405067443848e+00
1.127449035644531250e+00
1.171679377555847168e+00
-3.413637638092041016e+00
-1.407161474227905273e+00
1.997903466224670410e+00
1.293258905410766602e+00
-4.291208267211914062e+00
-2.548045158386230469e+00
-1.694100499153137207e+00
-1.724188208580017090e+00
-2.645726919174194336e+00
-2.928894519805908203e+00
3.483260393142700195e+00
3.391895055770874023e+00
-6.027629598975181580e-02
2.602903842926025391e-01
2.126385927200317383e+00
-3.481716662645339966e-02
-2.515795707702636719e+00
1.041147634387016296e-01
2.749113559722900391e+00
-2.036967277526855469e-01
1.360866427421569824e+00
-3.065588772296905518e-01
-1.619040727615356445e+00
-5.005180358886718750e+00
1.663251370191574097e-01
8.116608262062072754e-01
4.488434314727783203e+00
-4.011037349700927734e-01
-3.407480239868164062e+00
4.180610552430152893e-02
7.284060120582580566e-02
-2.443029165267944336e+00
-5.261492356657981873e-02
1.945007562637329102e+00
-8.631139993667602539e-01
3.380949974060058594e+00
-2.315453290939331055e+00
-2.262854278087615967e-01
3.343370914459228516e+00
2.940880775451660156e+00
1.214171051979064941e+00
-3.008629798889160156e+00
-1.362230300903320312e+00
1.665028929710388184e+00
3.075197935104370117e+00
-6.619688510894775391e+00
1.457652598619461060e-01
-2.209631204605102539e+00
-4.106571674346923828e-01
-1.983379125595092773e+00
2.321748971939086914e+00
2.114044666290283203e+00
-1.246946692466735840e+00
3.650309085845947266e+00
-1.905568003654479980e+00
2.257281064987182617e+00
-3.864835202693939209e-01
-1.406065464019775391e+00
-5.556936264038085938e+00
2.702734470367431641e+00
8.655197620391845703e-01
-1.812594413757324219e+00
-7.377631068229675293e-01
1.002687454223632812e+00
-2.964488267898559570e+00
-4.472170829772949219e+00
7.225902378559112549e-02
1.109353899955749512e+00
2.356148719787597656e+00
1.504715442657470703e+00
-2.659072577953338623e-01
6.121962666511535645e-01
8.753336220979690552e-02
-8.529434204101562500e+00
-1.394199848175048828e+00
6.155172586441040039e-01
-6.168264746665954590e-01
-2.584181129932403564e-01
-1.846956253051757812e+00
-1.682221651077270508e+00
-1.088664889335632324e+00
4.291228294372558594e+00
-7.617196440696716309e-01
2.972113609313964844e+00
-3.156685352325439453e+00
1.079649448394775391e+00
1.316102266311645508e+00
-6.475120186805725098e-01
1.204544901847839355e+00
2.856914043426513672e+00
-6.306030154228210449e-01
-2.815426349639892578e+00
7.235471725463867188e+00
3.011068105697631836e+00
-2.286064386367797852e+00
-6.480710580945014954e-03
-1.986533999443054199e+00
-2.897767066955566406e+00
-5.386695861816406250e+00
-1.169657349586486816e+00
1.776152968406677246e+00
-5.227654457092285156e+00
1.214118838310241699e+00
-9.866623878479003906e+00
1.337575793266296387e+00
-2.420123100280761719e+00
2.857600450515747070e+00
-1.028913974761962891e+01
-1.569676041603088379e+00
-1.408522367477416992e+00
-9.758628010749816895e-01
1.437574028968811035e+00
-1.477610945701599121e+00
2.330875158309936523e+00
3.365023374557495117e+00
-6.006997078657150269e-03
7.536738395690917969e+00
7.048107981681823730e-01
1.011741518974304199e+00
-4.682187080383300781e+00
1.816895484924316406e+00
-1.223148941993713379e+00
-3.328479766845703125e+00
3.760947465896606445e+00
2.239388465881347656e+00
-3.772032260894775391e+00
-1.206845715641975403e-01
4.554395675659179688e-01
-2.902720451354980469e+00
-1.346666932106018066e+00
2.464285343885421753e-01
8.543248176574707031e-01
-5.520962238311767578e+00
-2.775360345840454102e+00
-1.256484627723693848e+00
-1.673284649848937988e+00
-1.703480720520019531e+00
-2.051798582077026367e+00
5.566775798797607422e+00
2.864590883255004883e+00
1.824455142021179199e+00
2.385483026504516602e+00
4.454744815826416016e+00
-2.557902336120605469e+00
-1.040024757385253906e+00
-2.283779144287109375e+00
2.005404472351074219e+00
-2.025850296020507812e+00
-2.685144662857055664e+00
-2.611350059509277344e+00
-3.686138153076171875e+00
-2.696907520294189453e+00
-1.345896601676940918e+00
-7.262413501739501953e-01
3.906297922134399414e+00
2.209836244583129883e+00
-4.689171314239501953e+00
5.574445128440856934e-01
3.663501441478729248e-01
-3.618468046188354492e+00
1.573465466499328613e+00
5.024749636650085449e-01
-1.090332865715026855e+00
1.291991233825683594e+00
-3.058047294616699219e-01
1.988579869270324707e+00
3.953791558742523193e-01
1.492121458053588867e+00
1.311819195747375488e+00
-1.282884120941162109e+00
-6.603802442550659180e-01
-1.387975454330444336e+00
1.651052951812744141e+00
-8.441682815551757812e+00
-4.101476445794105530e-02
1.027385592460632324e+00
2.337974548339843750e+00
-1.443889021873474121e+00
3.574737548828125000e+00
3.569012880325317383e+00
-3.162983417510986328e+00
4.346840381622314453e+00
-8.100447654724121094e-01
7.572991847991943359e-01
-6.331318020820617676e-01
1.180050253868103027e+00
-2.919519424438476562e+00
2.149065256118774414e+00
5.413734912872314453e-01
-2.512666940689086914e+00
-6.387646198272705078e-01
1.157753348350524902e+00
-6.860585212707519531e-01
-3.108073711395263672e+00
-8.141858130693435669e-02
2.207614898681640625e+00
1.382160186767578125e+00
3.119556665420532227e+00
-1.340085744857788086e+00
5.183231830596923828e-01
-2.143260478973388672e+00
-2.253031969070434570e+00
1.283767461776733398e+00
-3.964065015316009521e-01
1.033547163009643555e+00
-4.520363360643386841e-02
2.376883745193481445e+00
1.514960050582885742e+00
-1.828414440155029297e+00
6.179596185684204102e-01
-2.569539546966552734e+00
3.172502279281616211e+00
-3.112500429153442383e+00
1.110281467437744141e+00
2.523930549621582031e+00
1.065878152847290039e+00
-1.560605168342590332e+00
-3.182524681091308594e+00
-4.440073072910308838e-01
1.137794017791748047e+00
5.968424797058105469e+00
5.603374004364013672e+00
1.119494438171386719e-01
4.674920141696929932e-01
-2.143392324447631836e+00
-5.040371417999267578e+00
-3.058343648910522461e+00
-1.399192333221435547e+00
2.738624095916748047e+00
-4.293981075286865234e+00
4.893829822540283203e-01
-1.134825611114501953e+01
-1.134454846382141113e+00
-2.571982622146606445e+00
2.298886299133300781e+00
-4.797727584838867188e+00
-1.949600338935852051e+00
-3.812911033630371094e+00
-1.046553730964660645e+00
-4.520356357097625732e-01
1.160507678985595703e+00
7.134295105934143066e-01
4.062729358673095703e+00
2.054782629013061523e+00
5.289202690124511719e+00
3.369268476963043213e-01
-9.518371820449829102e-01
-2.997704744338989258e+00
3.554929733276367188e+00
-1.051863312721252441e+00
-2.912803888320922852e+00
4.809533119201660156e+00
1.423479914665222168e+00
-2.683207392692565918e-01
-1.489990234375000000e+00
3.054090976715087891e+00
-3.986342906951904297e+00
-3.692827001214027405e-02
-4.583763480186462402e-01
-1.681641578674316406e+00
-5.160995483398437500e+00
-2.459364891052246094e+00
-7.068067193031311035e-01
-2.586755514144897461e+00
-1.721210956573486328e+00
-1.842681765556335449e+00
3.518027067184448242e+00
1.805872559547424316e+00
2.338260412216186523e+00
3.805949166417121887e-02
4.586444377899169922e+00
-2.655849754810333252e-01
-3.179060295224189758e-02
-1.873593449592590332e+00
1.991281270980834961e+00
-3.962156176567077637e-01
-8.152385056018829346e-02
-2.390192747116088867e+00
-5.143912792205810547e+00
-2.458801984786987305e+00
-1.185045838356018066e-01
2.729348182678222656e+00
3.597496271133422852e+00
2.559923410415649414e+00
-2.228813171386718750e+00
3.850631117820739746e-01
3.162012100219726562e+00
-1.776855945587158203e+00
9.258918166160583496e-01
-4.895072281360626221e-01
-1.668356299400329590e+00
-5.952410027384757996e-02
1.538740634918212891e+00
6.385366916656494141e-01
-3.639831244945526123e-01
4.073034763336181641e+00
1.212542355060577393e-01
-3.115990877151489258e+00
4.486806988716125488e-01
2.332189083099365234e-01
-1.064154148101806641e+00
-9.692023277282714844e+00
-1.391808409243822098e-02
2.367901802062988281e-01
3.314080238342285156e+00
-2.819882035255432129e-01
2.416503667831420898e+00
8.604310154914855957e-01
-1.602164626121520996e+00
4.893579006195068359e+00
-1.251092314720153809e+00
1.695409655570983887e+00
-1.824373722076416016e+00
1.294873118400573730e+00
-8.941428363323211670e-02
5.498987436294555664e-01
6.231458783149719238e-01
-1.720198154449462891e+00
-8.656491637229919434e-01
2.126771450042724609e+00
-5.146517157554626465e-01
-3.909670591354370117e+00
-8.617531061172485352e-01
3.243230581283569336e+00
1.272529840469360352e+00
5.048526287078857422e+00
-1.389703035354614258e+00
-7.340114712715148926e-01
-5.971986651420593262e-01
-3.036838054656982422e+00
2.739061832427978516e+00
1.923304796218872070e-01
3.658486127853393555e+00
-1.734434068202972412e-02
1.426387190818786621e+00
-1.104620218276977539e+00
7.782517075538635254e-01
2.905281782150268555e-01
-1.301205039024353027e+00
3.778023481369018555e+00
-1.637725472450256348e+00
-1.317006826400756836e+00
2.201933622360229492e+00
-1.519039511680603027e+00
-1.405847311019897461e+00
-2.761933565139770508e+00
4.760846793651580811e-01
3.044064342975616455e-01
7.452507972717285156e+00
4.526354789733886719e+00
2.127634882926940918e-01
3.911215066909790039e+00
-2.609893560409545898e+00
-8.770967483520507812e+00
-5.237988948822021484e+00
-1.371582746505737305e+00
3.762287139892578125e+00
-4.129140853881835938e+00
6.697915792465209961e-01
-9.238430976867675781e+00
-2.029887199401855469e+00
-4.786681532859802246e-01
2.955293893814086914e+00
-9.628881454467773438e+00
-1.275775432586669922e+00
-1.577720046043395996e-01
2.442308425903320312e+00
8.801515102386474609e-01
4.634807109832763672e-01
-9.893128275871276855e-01
4.605384349822998047e+00
1.131180286407470703e+00
5.166431903839111328e+00
-1.843972444534301758e+00
6.920642405748367310e-02
-1.292889475822448730e+00
7.725919485092163086e-01
-6.282091736793518066e-01
-1.988865852355957031e+00
1.726562738418579102e+00
9.206792116165161133e-01
1.394931077957153320e+00
-1.575685501098632812e+00
-3.565959632396697998e-01
-4.150252819061279297e+00
-4.940005242824554443e-01
-2.663938999176025391e+00
-8.455961346626281738e-01
-5.547133445739746094e+00
-1.324193477630615234e+00
-2.241282701492309570e+00
-2.048275470733642578e+00
-1.231413722038269043e+00
-3.990829706192016602e+00
3.855856418609619141e+00
4.261129856109619141e+00
4.782797336578369141e+00
1.459000706672668457e+00
1.802653312683105469e+00
-8.094775676727294922e-01
-6.245409250259399414e-01
8.287635445594787598e-01
5.071334362030029297e+00
-2.980000972747802734e+00
-6.012187004089355469e-01
-3.277919813990592957e-02
-3.924733877182006836e+00
-2.607804775238037109e+00
-2.816513061523437500e+00
2.080050230026245117e+00
2.488527059555053711e+00
-1.422187447547912598e+00
-3.537239551544189453e+00
-2.288807481527328491e-01
-5.742518901824951172e-01
-2.151989698410034180e+00
1.724719166755676270e+00
1.396371603012084961e+00
-2.486233234405517578e+00
5.740471482276916504e-01
2.958786785602569580e-01
7.329941987991333008e-01
2.880411624908447266e+00
1.928817629814147949e+00
2.422416210174560547e+00
-2.052840471267700195e+00
1.204097390174865723e+00
-1.151217699050903320e+00
2.287784099578857422e+00
-8.413781166076660156e+00
2.439052104949951172e+00
-7.632314413785934448e-02
5.035905361175537109e+00
1.211804151535034180e+00
9.954400062561035156e-01
2.496067047119140625e+00
1.007484346628189087e-01
4.646158218383789062e+00
-2.335304021835327148e+00
3.752111196517944336e+00
-4.013261795043945312e+00
1.330692529678344727e+00
-3.211274623870849609e+00
2.081027984619140625e+00
3.794636964797973633e+00
-2.646440505981445312e+00
-2.318621158599853516e+00
8.924723863601684570e-01
-2.460143804550170898e+00
-4.447894573211669922e+00
1.384137153625488281e+00
1.209269642829895020e+00
9.486472010612487793e-01
1.605393409729003906e+00
-2.318105459213256836e+00
-2.353208303451538086e+00
-4.869784116744995117e-01
-1.456526875495910645e+00
2.651506662368774414e+00
-3.211699426174163818e-01
9.682328104972839355e-01
-6.211230158805847168e-01
1.351929426193237305e+00
-8.703423142433166504e-01
1.294623374938964844e+00
1.358966946601867676e+00
-2.867250919342041016e+00
1.337855696678161621e+00
-4.783998489379882812e+00
1.351391673088073730e+00
-6.078238487243652344e-01
5.289014577865600586e-01
-2.117894172668457031e+00
-1.470977306365966797e+00
6.897613406181335449e-01
-1.150078892707824707e+00
4.253875732421875000e+00
5.456290245056152344e+00
2.033884763717651367e+00
4.711259841918945312e+00
-3.027738332748413086e+00
-7.405570983886718750e+00
-3.758654594421386719e+00
1.014400124549865723e+00
4.277228116989135742e-01
-4.033484458923339844e+00
5.914250612258911133e-01
-6.110898494720458984e+00
-6.310173273086547852e-01
-1.865533590316772461e+00
4.516625702381134033e-01
-1.037637138366699219e+01
-3.662459850311279297e+00
3.497575044631958008e+00
1.220690488815307617e+00
1.165433526039123535e+00
1.739063024520874023e+00
-1.169550418853759766e+00
9.872308731079101562e+00
2.254269599914550781e+00
9.547380447387695312e+00
-1.967878699302673340e+00
-1.800384759902954102e+00
-2.225027084350585938e+00
-1.789084911346435547e+00
4.603689014911651611e-01
4.659107625484466553e-01
2.028344154357910156e+00
1.603683829307556152e+00
4.162919044494628906e+00
-2.886540293693542480e-01
-2.019207030534744263e-01
-1.100721836090087891e+00
-1.643713712692260742e+00
8.184853196144104004e-01
-4.144994318485260010e-01
-7.025614738464355469e+00
-6.033195495605468750e+00
3.465668857097625732e-01
5.198768973350524902e-01
6.767190098762512207e-01
-4.169603824615478516e+00
3.325086355209350586e+00
6.644403457641601562e+00
2.432104110717773438e+00
3.718119859695434570e+00
2.073472499847412109e+00
-2.070655107498168945e+00
-6.358481049537658691e-01
-2.442485570907592773e+00
-4.095677733421325684e-01
6.378000378608703613e-01
-9.898899197578430176e-01
-2.857018470764160156e+00
-3.425728321075439453e+00
-9.986718893051147461e-01
-7.084614634513854980e-01
8.871653676033020020e-01
4.145967960357666016e+00
-2.288109511137008667e-01
-3.728643417358398438e+00
-5.806869506835937500e+00
2.157021500170230865e-02
-1.396192073822021484e+00
-1.481035590171813965e+00
2.690044403076171875e+00
-2.136795043945312500e+00
4.250227928161621094e+00
-2.466059446334838867e+00
1.998852610588073730e+00
2.610812664031982422e+00
2.221903324127197266e+00
1.881755948066711426e+00
-3.844710588455200195e+00
1.097229838371276855e+00
-4.026797771453857422e+00
-1.448291391134262085e-01
-1.045862197875976562e+01
3.362742185592651367e+00
-5.621174573898315430e-01
3.257071495056152344e+00
1.912527680397033691e+00
1.674981117248535156e+00
2.724585771560668945e+00
5.670826882123947144e-02
3.263155698776245117e+00
-2.034389257431030273e+00
5.686273574829101562e+00
-2.760830879211425781e+00
7.203078269958496094e-01
-4.136866092681884766e+00
4.491529166698455811e-01
5.059125900268554688e+00
-4.879405975341796875e+00
-3.726987600326538086e+00
7.726066112518310547e-01
-1.080971598625183105e+00
-2.526465177536010742e+00
1.463161468505859375e+00
2.503359317779541016e+00
-1.000381350517272949e+00
3.171590328216552734e+00
-1.984056591987609863e+00
-6.685667037963867188e-01
2.316766738891601562e+00
-2.290275394916534424e-01
4.119241237640380859e+00
-5.899496078491210938e-01
2.118628978729248047e+00
1.566614747047424316e+00
1.435506582260131836e+00
-2.521809339523315430e+00
-1.240999817848205566e+00
3.182750225067138672e+00
-7.876965403556823730e-01
-1.643658518791198730e+00
-6.140295505523681641e+00
3.284313082695007324e-01
9.413772821426391602e-01
3.574196696281433105e-01
-2.512553930282592773e+00
9.816349744796752930e-01
1.362276077270507812e+00
2.150081634521484375e+00
6.228966712951660156e+00
2.035799026489257812e+00
-2.435648918151855469e+00
2.714578509330749512e-01
-6.501029729843139648e-01
-5.783070087432861328e+00
-5.924555778503417969e+00
2.639429092407226562e+00
-3.143393993377685547e+00
-1.294572591781616211e+00
-5.898829698562622070e-01
-1.871325224637985229e-01
-1.285747885704040527e+00
-2.486964941024780273e+00
1.523652315139770508e+00
-5.890370845794677734e+00
-4.840939998626708984e+00
1.710887432098388672e+00
7.869393825531005859e-01
-4.028061389923095703e+00
1.376592516899108887e+00
9.617877751588821411e-02
5.918970108032226562e+00
3.459269106388092041e-01
1.000194931030273438e+01
-2.081255912780761719e+00
-3.887600183486938477e+00
-3.801473617553710938e+00
-5.110064744949340820e-01
1.663867354393005371e+00
3.105275154113769531e+00
5.989507198333740234e+00
1.609068274497985840e+00
-1.988411843776702881e-01
-1.194746851921081543e+00
4.943260550498962402e-01
-4.673159599304199219e+00
-2.191310077905654907e-01
3.048828840255737305e+00
-1.171097278594970703e+00
-7.535136699676513672e+00
-5.400920867919921875e+00
1.080313324928283691e+00
1.968549966812133789e+00
2.747388124465942383e+00
-2.115594387054443359e+00
2.355952024459838867e+00
7.925684928894042969e+00
-4.559037089347839355e-02
-3.737054169178009033e-01
-1.090329170227050781e+00
-4.989730194211006165e-02
-7.861300110816955566e-01
-1.180759221315383911e-01
6.045081019401550293e-01
-5.621599555015563965e-01
-3.197261095046997070e+00
-3.076263189315795898e+00
6.206888556480407715e-01
1.049990057945251465e+00
-1.533710479736328125e+00
-3.965196013450622559e-01
4.165114402770996094e+00
-3.538843095302581787e-01
-2.907099962234497070e+00
-4.772014141082763672e+00
2.749275445938110352e+00
2.430109262466430664e+00
-2.992937564849853516e-01
1.030023247003555298e-01
2.286218851804733276e-01
4.787477493286132812e+00
7.350984811782836914e-01
-1.040645122528076172e+00
2.414664745330810547e+00
5.667680501937866211e-01
1.452098250389099121e+00
-1.155488133430480957e+00
-3.284416437149047852e+00
-3.381144523620605469e+00
1.177538514137268066e+00
-9.148880958557128906e+00
2.453109979629516602e+00
-5.133625507354736328e+00
-3.795993328094482422e+00
2.810591936111450195e+00
3.248199701309204102e+00
-6.304562091827392578e-01
-5.750387310981750488e-01
1.105581283569335938e+00
-1.579195857048034668e+00
4.906260967254638672e+00
-2.451945304870605469e+00
-2.469229221343994141e+00
-3.034351587295532227e+00
2.641122579574584961e+00
3.290208101272583008e+00
-5.402060508728027344e+00
9.804031997919082642e-02
2.072267532348632812e+00
-6.078416824340820312e+00
-1.860225081443786621e+00
-8.934649825096130371e-02
4.250192642211914062e+00
-7.532470226287841797e-01
4.673137962818145752e-01
-5.195010900497436523e-01
2.014747142791748047e+00
1.684878945350646973e+00
-4.858549118041992188e+00
4.162515699863433838e-01
-4.666878879070281982e-01
3.124016046524047852e+00
9.077203273773193359e-01
1.516026735305786133e+00
-2.898772478103637695e+00
-4.448804855346679688e+00
4.248429298400878906e+00
-2.523308396339416504e-01
2.328750371932983398e+00
-6.660114765167236328e+00
1.753754496574401855e+00
3.818415403366088867e+00
-1.238524198532104492e+00
1.354988217353820801e+00
5.270060062408447266e+00
1.914698719978332520e+00
2.800866663455963135e-01
7.477862358093261719e+00
1.441541314125061035e+00
-2.179820299148559570e+00
3.740247488021850586e-01
-2.435904264450073242e+00
-4.296134471893310547e+00
-7.543101310729980469e+00
1.988116145133972168e+00
-7.337873458862304688e+00
8.104157447814941406e-02
-3.706999063491821289e+00
4.653518676757812500e+00
-2.644260525703430176e-01
-5.044761657714843750e+00
-1.428957939147949219e+00
-4.284022808074951172e+00
-6.192917823791503906e+00
2.910525321960449219e+00
9.211214184761047363e-01
-1.868514180183410645e+00
9.188626408576965332e-01
1.067143559455871582e+00
8.123975753784179688e+00
-1.696727983653545380e-02
1.182353782653808594e+01
3.007116913795471191e-01
-3.454809427261352539e+00
-5.767724990844726562e+00
4.368919432163238525e-01
-6.274981498718261719e-01
7.056551456451416016e+00
1.023552227020263672e+01
2.171509027481079102e+00
-2.615475893020629883e+00
5.872477889060974121e-01
4.371096491813659668e-01
-3.854657411575317383e+00
-3.885359287261962891e+00
4.790848255157470703e+00
-6.140164136886596680e-01
-7.287508964538574219e+00
-5.048004627227783203e+00
1.846279025077819824e+00
2.578022003173828125e+00
2.937328100204467773e+00
1.202415943145751953e+00
1.655745029449462891e+00
9.862976074218750000e+00
-2.321574449539184570e+00
-2.440348386764526367e+00
1.701849222183227539e+00
-1.209700465202331543e+00
-2.275357961654663086e+00
-3.628266155719757080e-01
-9.582387804985046387e-01
2.784660577774047852e+00
-3.031766176223754883e+00
-2.202456235885620117e+00
1.493667364120483398e+00
8.497734665870666504e-01
8.921974301338195801e-01
-2.331889390945434570e+00
5.250317096710205078e+00
1.934158988296985626e-02
-3.646963119506835938e+00
-1.873726248741149902e+00
1.464024424552917480e+00
5.652266502380371094e+00
-2.254976272583007812e+00
2.178278446197509766e+00
1.414364099502563477e+00
5.055099964141845703e+00
-5.760657787322998047e-01
-1.527843594551086426e+00
3.261095762252807617e+00
1.090789318084716797e+00
1.666682004928588867e+00
-3.625112533569335938e+00
-4.666986942291259766e+00
-5.252046108245849609e+00
-3.234871327877044678e-01
-9.428758621215820312e+00
1.623723983764648438e+00
-6.381174564361572266e+00
-7.590825080871582031e+00
1.148095011711120605e+00
1.987940430641174316e+00
4.380215108394622803e-01
2.388635873794555664e-01
4.876552149653434753e-03
4.920287132263183594e-01
6.711756587028503418e-01
1.029159545898437500e+00
-2.647257328033447266e+00
-5.050447463989257812e+00
3.399891376495361328e+00
2.841813087463378906e+00
-4.684713363647460938e+00
1.069709062576293945e+00
6.447860598564147949e-01
-6.476282119750976562e+00
-2.334816932678222656e+00
-3.931591033935546875e+00
3.814156532287597656e+00
-8.990318775177001953e-01
-1.964080184698104858e-01
-2.644685506820678711e-01
3.437486886978149414e+00
3.399209976196289062e+00
-6.194329738616943359e+00
-3.439330458641052246e-01
1.225374817848205566e+00
3.546360492706298828e+00
2.333980798721313477e+00
-1.055213689804077148e+00
-3.785770177841186523e+00
-7.807314395904541016e+00
5.184395313262939453e+00
2.277993917465209961e+00
2.850451231002807617e+00
-6.832554340362548828e+00
4.685430526733398438e+00
5.284957408905029297e+00
-3.044277429580688477e+00
3.942475557327270508e+00
8.499527931213378906e+00
-1.310785174369812012e+00
2.227432966232299805e+00
8.104614257812500000e+00
2.029943764209747314e-01
-3.859386920928955078e+00
1.271051466464996338e-01
-3.881643533706665039e+00
-2.031004667282104492e+00
-8.702316284179687500e+00
2.107451915740966797e+00
-8.629933357238769531e+00
3.585882186889648438e-01
-3.493745803833007812e+00
9.657629013061523438e+00
-1.634122252464294434e+00
-5.409538269042968750e+00
3.903909325599670410e-01
-2.228779554367065430e+00
-6.130567073822021484e+00
4.013816356658935547e+00
-1.673104166984558105e+00
-2.684494495391845703e+00
1.434256792068481445e+00
2.848226308822631836e+00
7.424562454223632812e+00
-1.566026061773300171e-01
7.688280582427978516e+00
-9.576156139373779297e-01
-3.594598531723022461e+00
-6.666771411895751953e+00
-2.353171586990356445e+00
2.349061220884323120e-01
1.022855091094970703e+01
8.330609321594238281e+00
3.243665695190429688e-01
-1.893801540136337280e-01
-1.794044822454452515e-01
3.131541490554809570e+00
-6.385550022125244141e+00
-5.489655971527099609e+00
5.991958618164062500e+00
-6.761707067489624023e-01
-8.053492546081542969e+00
-1.652514576911926270e+00
2.689843654632568359e+00
3.616010427474975586e+00
2.705056428909301758e+00
-9.196676015853881836e-01
1.926125288009643555e+00
9.965801239013671875e+00
-4.953580498695373535e-01
1.320880055427551270e+00
7.407764792442321777e-01
2.968712151050567627e-01
-1.907106637954711914e+00
-1.701714396476745605e-01
-2.457896709442138672e+00
4.742137432098388672e+00
-2.023569107055664062e+00
-3.127997159957885742e+00
4.976309299468994141e+00
9.739725589752197266e-01
-8.132227659225463867e-01
2.020679712295532227e+00
3.957130432128906250e+00
4.814907908439636230e-01
-2.769888162612915039e+00
-2.041517019271850586e+00
4.106450080871582031e+00
7.044748067855834961e-01
-2.283657550811767578e+00
1.014759063720703125e+00
-3.476321995258331299e-01
6.012433528900146484e+00
-7.863418459892272949e-01
-1.615683794021606445e+00
3.169615507125854492e+00
-5.703343749046325684e-01
2.783721685409545898e+00
-2.691122531890869141e+00
-5.637811183929443359e+00
-4.246299266815185547e+00
4.632298648357391357e-01
-5.754624843597412109e+00
4.994405269622802734e+00
-7.304421901702880859e+00
-8.609971046447753906e+00
5.436136722564697266e-01
3.912657976150512695e+00
1.651723265647888184e+00
2.262862205505371094e+00
-1.647671103477478027e+00
-1.942204117774963379e+00
-3.389464616775512695e-01
-1.949384689331054688e+00
-4.746032059192657471e-01
-3.490127801895141602e+00
6.760262489318847656e+00
2.737828493118286133e+00
-2.290960550308227539e+00
-1.638743162155151367e+00
2.980114221572875977e-01
-6.628262996673583984e+00
1.308305710554122925e-01
-3.218226432800292969e+00
2.700669765472412109e+00
-8.661419749259948730e-01
-1.599148750305175781e+00
2.822607994079589844e+00
2.364186525344848633e+00
1.863172173500061035e+00
-6.781997680664062500e+00
-2.978356361389160156e+00
1.653841733932495117e-01
2.467185735702514648e+00
3.917608499526977539e+00
-2.122878789901733398e+00
-4.318956375122070312e+00
-4.475629329681396484e+00
7.680866241455078125e+00
2.467060565948486328e+00
2.104390621185302734e+00
-8.058005332946777344e+00
2.349622488021850586e+00
3.968629837036132812e+00
-3.698327064514160156e+00
6.726886749267578125e+00
1.211985111236572266e+01
-8.953990936279296875e-01
1.959412813186645508e+00
7.040894985198974609e+00
-2.507870197296142578e+00
-5.476604938507080078e+00
2.054582118988037109e+00
-1.280148148536682129e+00
-9.438643455505371094e-01
-6.773189067840576172e+00
1.046293377876281738e+00
-6.875674724578857422e+00
-4.868135452270507812e-01
-5.620359420776367188e+00
1.377583503723144531e+01
-2.006983041763305664e+00
-3.258285284042358398e+00
3.688510954380035400e-01
-2.624847888946533203e+00
-2.539938211441040039e+00
1.993703842163085938e+00
-3.629043579101562500e+00
9.289954788982868195e-03
2.857850790023803711e+00
4.078427851200103760e-01
6.460852146148681641e+00
1.691708683967590332e+00
8.546893119812011719e+00
-3.029690086841583252e-01
-4.188027858734130859e+00
-9.323523521423339844e+00
-2.283925771713256836e+00
1.555214762687683105e+00
1.263853549957275391e+01
7.415134906768798828e+00
-2.628478050231933594e+00
-4.221360683441162109e+00
2.119932413101196289e+00
6.182561397552490234e+00
-5.097297191619873047e+00
-7.031078815460205078e+00
4.615215778350830078e+00
-2.273034334182739258e+00
-8.191293716430664062e+00
-2.460839986801147461e+00
-5.970763564109802246e-01
5.152630329132080078e+00
1.724022507667541504e+00
1.007405519485473633e+00
-3.884545564651489258e-01
1.153757667541503906e+01
1.555847525596618652e+00
-2.759932756423950195e+00
1.685537099838256836e+00
-2.328161954879760742e+00
-1.023258686065673828e+00
9.752055406570434570e-01
-4.572517871856689453e+00
5.307996749877929688e+00
-1.810305833816528320e+00
-5.132101058959960938e+00
6.543164730072021484e+00
2.345320433378219604e-01
8.032308816909790039e-01
1.347278356552124023e+00
3.718093872070312500e+00
9.149731993675231934e-01
-5.096162557601928711e-01
-3.490243196487426758e+00
3.496310472488403320e+00
2.402006275951862335e-02
-2.859025478363037109e+00
-2.943947315216064453e+00
-2.141648054122924805e+00
5.974424362182617188e+00
5.858339667320251465e-01
1.820914626121520996e+00
4.550579547882080078e+00
1.547654747962951660e+00
1.946966528892517090e+00
-2.063541650772094727e+00
-7.631095409393310547e+00
-4.614438056945800781e+00
1.901817202568054199e+00
-4.027519702911376953e+00
5.112700939178466797e+00
-4.997926712036132812e+00
-1.126312446594238281e+01
2.894925594329833984e+00
2.497832059860229492e+00
-9.706487059593200684e-01
4.624053955078125000e+00
-1.715254306793212891e+00
1.857630491256713867e+00
-4.193834781646728516e+00
-1.043357849121093750e+00
7.924723029136657715e-01
-7.206864953041076660e-01
4.928004741668701172e+00
1.618995904922485352e+00
-1.776535272598266602e+00
-7.019773721694946289e-01
-2.206637859344482422e+00
-2.541834115982055664e+00
-2.869822740554809570e+00
-2.461309909820556641e+00
4.028256893157958984e+00
1.106508612632751465e+00
-1.926115989685058594e+00
2.133842945098876953e+00
1.430944800376892090e-01
3.451897144317626953e+00
-8.219585418701171875e+00
-4.185704231262207031e+00
-1.540019512176513672e+00
3.936798334121704102e+00
4.650242328643798828e+00
-7.387089133262634277e-01
-5.520648479461669922e+00
-7.232867240905761719e+00
2.437293529510498047e+00
3.684288024902343750e+00
3.103463172912597656e+00
-7.433495521545410156e+00
1.189717769622802734e+00
7.421535015106201172e+00
3.070202469825744629e-01
7.912792205810546875e+00
1.223682022094726562e+01
1.910912632942199707e+00
2.600516080856323242e+00
7.378345489501953125e+00
-2.766843080520629883e+00
-4.946741580963134766e+00
4.749560356140136719e-02
-1.244085788726806641e+00
4.149953842163085938e+00
-4.084950923919677734e+00
1.536348342895507812e+00
-6.491158485412597656e+00
-9.125488400459289551e-01
-3.889800310134887695e+00
1.047946262359619141e+01
-2.045738935470581055e+00
-3.492024421691894531e+00
-2.080648899078369141e+00
-1.809979915618896484e+00
-1.702535748481750488e+00
1.395231366157531738e+00
-6.698729991912841797e-01
1.884129405021667480e+00
2.168667554855346680e+00
2.516629695892333984e+00
8.722959518432617188e+00
2.757061958312988281e+00
7.804328918457031250e+00
5.898965001106262207e-01
-4.123735904693603516e+00
-3.261714935302734375e+00
6.525121331214904785e-01
9.510273933410644531e-01
1.128117275238037109e+01
7.931887626647949219e+00
2.568700790405273438e+00
-3.022367000579833984e+00
2.340312004089355469e+00
4.174357891082763672e+00
-2.467177391052246094e+00
-7.507779598236083984e+00
3.141001224517822266e+00
1.140834450721740723e+00
-4.177820682525634766e+00
-4.263669967651367188e+00
2.093168973922729492e+00
2.320042610168457031e+00
4.314015805721282959e-01
1.275565862655639648e+00
-1.142868518829345703e+00
9.753818511962890625e+00
-1.421003103256225586e+00
-2.896816730499267578e+00
3.418487310409545898e+00
-1.634717822074890137e+00
-4.110194206237792969e+00
4.176274687051773071e-02
-1.615699648857116699e+00
3.607062578201293945e+00
-2.187144160270690918e-01
-3.486800432205200195e+00
3.400359630584716797e+00
-1.193100571632385254e+00
2.999009370803833008e+00
-8.284515738487243652e-01
2.289073467254638672e+00
1.031387686729431152e+00
-2.663836956024169922e+00
-9.703652262687683105e-01
1.728010773658752441e+00
8.357353210449218750e-01
-4.762662947177886963e-01
-5.906149279326200485e-03
-1.422088027000427246e+00
5.908850193023681641e+00
8.331629037857055664e-01
1.052440032362937927e-01
1.619686365127563477e+00
1.654847383499145508e+00
2.034729957580566406e+00
-3.329340457916259766e+00
-6.404499530792236328e+00
-1.951271295547485352e+00
-6.498432904481887817e-02
-4.639420509338378906e+00
2.662711143493652344e+00
-4.444431304931640625e+00
-6.963003635406494141e+00
1.769297480583190918e+00
4.548598289489746094e+00
-1.435517430305480957e+00
-1.565946459770202637e+00
4.046632051467895508e-01
2.484429836273193359e+00
-2.562024593353271484e+00
7.135598659515380859e-01
1.575114011764526367e+00
-1.897198557853698730e+00
4.560542106628417969e+00
9.701052904129028320e-01
7.563239336013793945e-01
2.709393262863159180e+00
-1.812053918838500977e+00
-2.229235172271728516e+00
-4.436495304107666016e-01
-3.427143573760986328e+00
2.960172414779663086e+00
1.097398400306701660e+00
-7.313932776451110840e-01
-7.629898190498352051e-01
1.784092664718627930e+00
3.592815160751342773e+00
-6.763433933258056641e+00
-2.178999662399291992e+00
1.726675033569335938e+00
4.492962837219238281e+00
5.068197250366210938e+00
-3.193948864936828613e-01
-6.289698123931884766e+00
-7.213081836700439453e+00
1.423460125923156738e+00
1.355371952056884766e+00
4.394627094268798828e+00
-5.334691524505615234e+00
2.615943431854248047e+00
5.422506809234619141e+00
-6.338871121406555176e-01
5.440568923950195312e+00
8.894773483276367188e+00
1.275471329689025879e+00
2.792545795440673828e+00
5.666823863983154297e+00
-1.417656898498535156e+00
-3.872299909591674805e+00
1.575728654861450195e+00
-3.888412237167358398e+00
2.379790544509887695e+00
-4.858726978302001953e+00
1.178179740905761719e+00
-1.003212332725524902e+00
-3.791610002517700195e+00
2.041830778121948242e+00
-4.593117833137512207e-01
-1.110891342163085938e+00
-2.046104907989501953e+00
-1.213817834854125977e+00
-2.670818328857421875e+00
-4.003073573112487793e-01
4.238150596618652344e+00
1.209155440330505371e+00
-2.245381921529769897e-01
-1.941281437873840332e+00
5.888973712921142578e+00
7.860924720764160156e+00
1.382515788078308105e+00
5.010144233703613281e+00
1.713478565216064453e-01
-2.145553827285766602e+00
-3.527951002120971680e+00
3.320888757705688477e+00
9.026638865470886230e-01
4.736335754394531250e+00
5.903259754180908203e+00
1.380411982536315918e+00
-3.567251443862915039e+00
-4.884658455848693848e-01
1.042026519775390625e+00
-4.280723571777343750e+00
-2.281996726989746094e+00
7.198008298873901367e-01
-1.129025220870971680e+00
-1.675455093383789062e+00
-7.578557968139648438e+00
1.423123717308044434e+00
5.534284114837646484e-01
-2.865661859512329102e+00
-7.104840874671936035e-01
-1.152053356170654297e+00
5.060701847076416016e+00
2.670975625514984131e-01
1.478338837623596191e+00
1.162807822227478027e+00
-2.682612419128417969e+00
-2.330600500106811523e+00
-4.618931114673614502e-01
-1.542484521865844727e+00
2.610249519348144531e+00
-3.133080482482910156e+00
-3.297758579254150391e+00
-2.955881357192993164e-01
-2.278032064437866211e+00
-5.083713054656982422e+00
-3.378384828567504883e+00
4.984803199768066406e+00
-7.587090730667114258e-01
-2.535690784454345703e+00
-1.774651169776916504e+00
-1.257197141647338867e+00
-7.636423110961914062e-01
-1.207320570945739746e+00
1.008564233779907227e+00
-2.235576152801513672e+00
3.920281171798706055e+00
9.383538961410522461e-01
-4.604084789752960205e-02
-3.139990568161010742e-01
-1.334411621093750000e+00
-1.272924304008483887e+00
-2.346347808837890625e+00
-3.924724102020263672e+00
-1.631894230842590332e+00
-6.452753543853759766e-01
-2.334530591964721680e+00
3.527737140655517578e+00
-2.151649236679077148e+00
-1.926782608032226562e+00
-1.235727787017822266e+00
5.521244525909423828e+00
-2.519573211669921875e+00
-4.842580795288085938e+00
3.399449586868286133e+00
6.480048298835754395e-01
3.262732505798339844e+00
1.009151458740234375e+00
-6.200840473175048828e-01
-2.524768352508544922e+00
4.161549091339111328e+00
1.697027683258056641e+00
-4.289163589477539062e+00
6.320063471794128418e-01
1.733564734458923340e+00
-3.313566446304321289e+00
1.525927901268005371e+00
4.117473661899566650e-01
7.895991206169128418e-01
2.257995456457138062e-01
3.199176549911499023e+00
-2.547714710235595703e+00
1.559730172157287598e+00
1.091095209121704102e+00
-4.709403038024902344e+00
-1.464725881814956665e-01
1.500158429145812988e+00
2.571570873260498047e+00
3.175853729248046875e+00
-5.649755522608757019e-02
-4.158824920654296875e+00
-3.719015121459960938e+00
1.457991153001785278e-01
3.503013134002685547e+00
3.902030229568481445e+00
-6.277487754821777344e+00
9.859107136726379395e-01
-1.656287789344787598e+00
8.690131902694702148e-01
2.718431711196899414e+00
2.539576053619384766e+00
-9.096321463584899902e-01
9.041838049888610840e-01
6.946420192718505859e+00
6.251967549324035645e-01
-4.657174587249755859e+00
2.377265214920043945e+00
-2.442787170410156250e+00
1.445268392562866211e+00
-8.500473946332931519e-02
6.897972226142883301e-01
-1.350647509098052979e-01
-2.409049272537231445e+00
-2.207677364349365234e-01
-2.204071760177612305e+00
-6.577422022819519043e-01
-2.385386466979980469e+00
-6.888262629508972168e-01
-7.809115409851074219e+00
-3.103178024291992188e+00
3.203897714614868164e+00
1.779942393302917480e+00
2.820984125137329102e-01
-2.900318861007690430e+00
4.232015907764434814e-01
7.311706066131591797e+00
7.478305697441101074e-01
7.124582290649414062e+00
-6.951199378818273544e-03
-2.676745653152465820e+00
-3.012888431549072266e+00
3.474276781082153320e+00
1.263614773750305176e+00
2.534878730773925781e+00
4.429497718811035156e+00
9.707251191139221191e-01
2.858259677886962891e-01
-7.544736862182617188e-01
-1.915539264678955078e+00
-5.176153659820556641e+00
-1.153612256050109863e+00
-4.512157440185546875e-01
3.836563527584075928e-01
-4.088196754455566406e+00
-4.763169288635253906e+00
-3.685882091522216797e-01
2.149841070175170898e+00
-3.191324234008789062e+00
-4.181788444519042969e+00
3.129747152328491211e+00
6.174836635589599609e+00
-4.466829895973205566e-01
1.014070868492126465e+00
3.165392398834228516e+00
-4.124821186065673828e+00
3.224743157625198364e-02
-1.426096200942993164e+00
2.213974237442016602e+00
3.277704119682312012e-02
-7.445094585418701172e-01
-8.202938437461853027e-01
1.574118584394454956e-01
-1.720339775085449219e+00
-3.305658817291259766e+00
-2.040556669235229492e+00
6.471084594726562500e+00
-1.484459042549133301e+00
-3.585012674331665039e+00
-1.096775889396667480e+00
-1.465232372283935547e+00
-7.610395550727844238e-01
-1.710799098014831543e+00
2.913038492202758789e+00
-6.039335131645202637e-01
3.395825386047363281e+00
3.044409275054931641e+00
-1.352144002914428711e+00
1.794416904449462891e-01
1.568485260009765625e+00
4.334126710891723633e-01
-1.214106202125549316e+00
-3.600002288818359375e+00
8.204768896102905273e-01
-1.931655883789062500e+00
-7.315243721008300781e+00
1.276229143142700195e+00
-1.719526886940002441e+00
-9.985952377319335938e-01
-1.414285182952880859e+00
3.479357957839965820e+00
-8.346756696701049805e-01
-2.397168159484863281e+00
5.278508186340332031e+00
6.751828193664550781e-01
1.835085153579711914e+00
2.729332923889160156e+00
-2.812951087951660156e+00
-2.480164051055908203e+00
4.014316082000732422e+00
-1.655206799507141113e+00
-5.359872817993164062e+00
-9.116417169570922852e-01
-4.880092740058898926e-01
-1.419410228729248047e+00
6.858587861061096191e-01
2.067865133285522461e+00
3.205824375152587891e+00
1.667348980903625488e+00
2.923883914947509766e+00
-1.546902537345886230e+00
1.646854400634765625e+00
2.928444147109985352e+00
-4.811581611633300781e+00
-1.859663724899291992e+00
6.535373926162719727e-01
3.117621421813964844e+00
-2.619842290878295898e+00
9.335057735443115234e-01
-2.564919233322143555e+00
-1.656619071960449219e+00
2.725227594375610352e+00
1.502260327339172363e+00
2.526509523391723633e+00
-2.825892686843872070e+00
1.611872076988220215e+00
1.616112947463989258e+00
1.058293700218200684e+00
1.446305811405181885e-01
4.187636375427246094e+00
-7.623451352119445801e-01
5.807856321334838867e-01
5.884236335754394531e+00
4.461122989654541016e+00
-3.062978744506835938e+00
2.003148317337036133e+00
-2.632607698440551758e+00
-2.910707473754882812e+00
-5.235654354095458984e+00
2.381918668746948242e+00
-3.529126167297363281e+00
-2.222037762403488159e-01
-2.435011148452758789e+00
5.440147876739501953e+00
6.185989975929260254e-01
-3.478859901428222656e+00
3.446442484855651855e-01
-5.651231288909912109e+00
-5.817518234252929688e+00
2.058664083480834961e+00
5.787566304206848145e-02
9.436190128326416016e-02
-4.314545691013336182e-01
-3.157251119613647461e+00
9.549842834472656250e+00
1.452480792999267578e+00
9.716052055358886719e+00
-6.737574338912963867e-01
-7.158144950866699219e+00
-5.554205417633056641e+00
1.794265985488891602e+00
1.788877487182617188e+00
6.786908626556396484e+00
8.604571342468261719e+00
2.717092275619506836e+00
-1.229501008987426758e+00
1.393356561660766602e+00
-2.406993880867958069e-02
-4.474495410919189453e+00
-3.665803432464599609e+00
2.718791246414184570e+00
2.291361570358276367e+00
-6.509701728820800781e+00
-5.935941696166992188e+00
1.891647458076477051e+00
3.963863372802734375e+00
3.619952917098999023e+00
-2.891605854034423828e+00
4.266217708587646484e+00
1.126503372192382812e+01
-2.018685579299926758e+00
4.732033312320709229e-01
1.340621590614318848e+00
-2.625205516815185547e+00
7.705565094947814941e-01
-2.642640590667724609e+00
-1.013206481933593750e+00
7.516406178474426270e-01
-1.611692786216735840e+00
-2.566247463226318359e+00
2.547329425811767578e+00
5.819377675652503967e-02
-1.655794978141784668e+00
-8.471441268920898438e-01
6.396105289459228516e+00
-2.501062452793121338e-01
-2.427787542343139648e+00
-1.418953299522399902e+00
-8.348613381385803223e-01
1.605131626129150391e+00
-1.580080032348632812e+00
3.266674041748046875e+00
-1.059887051582336426e+00
3.943479299545288086e+00
1.445218205451965332e+00
-4.331429600715637207e-01
2.978170812129974365e-01
3.596295118331909180e+00
5.376015901565551758e-01
-2.295267581939697266e+00
-5.982015132904052734e+00
-3.683668613433837891e+00
-1.758847355842590332e+00
-7.678532600402832031e+00
2.348104238510131836e+00
-8.081021904945373535e-01
-3.221549034118652344e+00
8.235258609056472778e-02
1.392767667770385742e+00
1.645769596099853516e+00
-5.778703093528747559e-01
1.642825007438659668e+00
6.340765357017517090e-01
8.843766450881958008e-01
-1.744787693023681641e-01
-1.673490367829799652e-02
-2.808362483978271484e+00
5.053604125976562500e+00
8.787965774536132812e-01
-5.569258689880371094e+00
-2.588955879211425781e+00
-6.874471306800842285e-01
-2.377283334732055664e+00
-1.128465414047241211e+00
6.308903098106384277e-01
4.019803047180175781e+00
-3.021982014179229736e-01
8.493972420692443848e-01
-5.642427206039428711e-01
2.414751768112182617e+00
5.702744007110595703e+00
-4.730070114135742188e+00
-2.277294397354125977e+00
-2.016862630844116211e+00
5.136705398559570312e+00
-1.423563718795776367e+00
-3.814738094806671143e-01
-2.940704822540283203e+00
-5.349517822265625000e+00
3.774356842041015625e+00
3.386810541152954102e+00
1.498567223548889160e+00
-6.809047222137451172e+00
3.606837272644042969e+00
4.574029922485351562e+00
-9.172121286392211914e-01
1.863209530711174011e-02
9.721283912658691406e+00
-1.487393021583557129e+00
3.086192607879638672e+00
4.949186801910400391e+00
2.029689550399780273e+00
-5.169871330261230469e+00
2.233267307281494141e+00
-3.205116748809814453e+00
-3.161280155181884766e+00
-7.376578330993652344e+00
3.606316566467285156e+00
-7.029078960418701172e+00
1.599935054779052734e+00
-3.383757352828979492e+00
1.195951938629150391e+01
2.002871274948120117e+00
-3.613087892532348633e+00
-6.421677470207214355e-01
-5.743712425231933594e+00
-5.371162414550781250e+00
3.226767778396606445e+00
1.575699090957641602e+00
-1.991466164588928223e+00
-1.344033598899841309e+00
-1.105290532112121582e+00
5.991626262664794922e+00
2.921434879302978516e+00
9.334600448608398438e+00
-1.193027734756469727e+00
-4.156585693359375000e+00
-6.662097454071044922e+00
2.278133034706115723e-01
3.775372743606567383e+00
8.151726722717285156e+00
6.125369548797607422e+00
3.664857387542724609e+00
-3.403126001358032227e-01
1.163357734680175781e+00
-8.125198483467102051e-01
-2.689225912094116211e+00
-5.904885292053222656e+00
5.932822704315185547e+00
1.734948515892028809e+00
-8.307557106018066406e+00
-5.144874095916748047e+00
1.233593344688415527e+00
5.001574039459228516e+00
3.506104230880737305e+00
2.230314731597900391e+00
2.917724370956420898e+00
1.161620616912841797e+01
-3.716260790824890137e-01
-1.545225501060485840e+00
-2.230811834335327148e+00
-5.065025806427001953e+00
-2.046832561492919922e+00
-1.603640556335449219e+00
-1.479353070259094238e+00
-1.784640401601791382e-01
-2.180822134017944336e+00
-1.295984148979187012e+00
1.535588741302490234e+00
2.948845386505126953e+00
5.941482782363891602e-01
-2.652198262512683868e-02
5.797954559326171875e+00
-2.616179585456848145e-01
-1.097601175308227539e+00
-2.329224348068237305e+00
2.947919845581054688e+00
2.799832344055175781e+00
-4.470062732696533203e+00
5.009768486022949219e+00
3.403755903244018555e+00
6.520566463470458984e+00
1.088191032409667969e+00
-2.184557199478149414e+00
3.574566602706909180e+00
3.644632101058959961e+00
5.469112396240234375e-01
-2.747141838073730469e+00
-6.236360549926757812e+00
-3.752706289291381836e+00
-1.681354761123657227e+00
-4.977704524993896484e+00
2.816819429397583008e+00
-3.608465433120727539e+00
-6.829883575439453125e+00
-1.009450674057006836e+00
3.331639528274536133e+00
9.903944730758666992e-01
-5.558232665061950684e-01
-3.570478409528732300e-02
-2.489115893840789795e-01
-2.194589853286743164e+00
-2.787543646991252899e-02
-1.290268301963806152e+00
-3.169313430786132812e+00
4.079540252685546875e+00
-6.022334098815917969e-01
-8.890046119689941406e+00
-1.681797742843627930e+00
1.551782131195068359e+00
-3.284826993942260742e+00
-2.095425367355346680e+00
-4.660401642322540283e-01
4.684007167816162109e+00
2.349211834371089935e-02
-7.784934043884277344e-01
1.735546350479125977e+00
1.504127144813537598e+00
3.252558946609497070e+00
-4.059890270233154297e+00
-1.710167407989501953e+00
9.764008522033691406e-01
4.743813514709472656e+00
-1.005950868129730225e-01
-7.624901533126831055e-01
-1.813850760459899902e+00
-6.039009094238281250e+00
5.917396545410156250e+00
2.910126686096191406e+00
2.742450714111328125e+00
-4.582808494567871094e+00
1.944507718086242676e+00
4.247265815734863281e+00
-2.379978418350219727e+00
3.857753992080688477e+00
1.208664226531982422e+01
6.715627908706665039e-01
2.788101673126220703e+00
1.975185275077819824e+00
-1.838584840297698975e-01
-2.725113868713378906e+00
-8.250317573547363281e-01
-5.367624759674072266e-01
-1.549763381481170654e-01
-6.848571777343750000e+00
4.815185070037841797e+00
-9.274789810180664062e+00
2.095589876174926758e+00
-3.690160036087036133e+00
1.990024566650390625e+01
2.122397899627685547e+00
-2.840193033218383789e+00
-3.113829612731933594e+00
-9.494130611419677734e-01
-4.526226520538330078e+00
-1.582407116889953613e+00
-3.115253210067749023e+00
-2.984836816787719727e+00
7.631196975708007812e-01
-6.339064240455627441e-01
2.768058061599731445e+00
5.531396865844726562e+00
9.153333663940429688e+00
-2.284752577543258667e-01
-4.699540615081787109e+00
-7.434497356414794922e+00
1.649959921836853027e+00
6.252014160156250000e+00
9.731581687927246094e+00
7.507833480834960938e+00
2.666105747222900391e+00
-9.451344609260559082e-01
1.541624665260314941e+00
2.671541929244995117e+00
-2.570941686630249023e+00
-4.590830802917480469e+00
7.203816890716552734e+00
1.582772970199584961e+00
-6.666734218597412109e+00
-6.091094970703125000e+00
2.793934822082519531e+00
5.233031749725341797e+00
1.874385237693786621e+00
3.859594821929931641e+00
3.374174356460571289e+00
1.385730457305908203e+01
-7.792616486549377441e-01
-4.355204582214355469e+00
-1.481733322143554688e+00
-1.161958217620849609e+00
-1.638000369071960449e+00
-3.213725566864013672e+00
2.946191430091857910e-01
1.658132314682006836e+00
-3.400497371330857277e-03
-2.450694561004638672e+00
2.587549448013305664e+00
2.514551401138305664e+00
2.847025871276855469e+00
-1.695213198661804199e+00
5.320663452148437500e+00
5.338765621185302734e+00
1.923272371292114258e+00
-4.514488697052001953e+00
6.899625778198242188e+00
2.475597858428955078e+00
-2.397639274597167969e+00
5.482811927795410156e+00
1.321175932884216309e+00
6.928915023803710938e+00
1.977999925613403320e+00
-1.120478630065917969e+00
9.584816694259643555e-01
5.858260154724121094e+00
2.519452333450317383e+00
-2.768197774887084961e+00
-7.178462028503417969e+00
-3.396238386631011963e-01
-3.848554611206054688e+00
-4.723783493041992188e+00
8.623675107955932617e-01
-2.809671401977539062e+00
-9.014446258544921875e+00
-2.934356689453125000e+00
5.575595855712890625e+00
-1.175896525382995605e+00
-2.826379776000976562e+00
7.408479601144790649e-02
1.454258680343627930e+00
-2.255870580673217773e+00
-1.101282119750976562e+00
-2.805571079254150391e+00
2.976832628250122070e+00
4.272585868835449219e+00
-3.880976200103759766e+00
-5.970129489898681641e+00
2.113654851913452148e+00
3.332498550415039062e+00
-3.199840784072875977e+00
-4.335552692413330078e+00
-4.190358161926269531e+00
5.849909782409667969e+00
-5.861150026321411133e-01
-2.403676658868789673e-01
1.447815656661987305e+00
3.868176698684692383e+00
2.323606014251708984e+00
-6.357191085815429688e+00
-4.275034427642822266e+00
-9.005169868469238281e-01
8.487653732299804688e+00
1.712938904762268066e+00
-4.993192851543426514e-01
-3.450284481048583984e+00
-5.596227645874023438e+00
4.873691082000732422e+00
3.241175889968872070e+00
5.084002017974853516e+00
-7.026778459548950195e-01
-9.286793470382690430e-01
6.061111450195312500e+00
-3.477995872497558594e+00
5.071180343627929688e+00
1.491959667205810547e+01
3.495982646942138672e+00
2.977233648300170898e+00
-2.532577276229858398e+00
-6.072851419448852539e-01
-4.297707080841064453e+00
-3.544413328170776367e+00
8.759644031524658203e-01
1.390881061553955078e+00
-7.897231578826904297e+00
1.685566306114196777e+00
-5.556676387786865234e+00
2.849761962890625000e+00
-2.522134542465209961e+00
1.472217845916748047e+01
2.086208343505859375e+00
-3.286441326141357422e+00
-3.455682039260864258e+00
-2.469016551971435547e+00
-5.252359867095947266e+00
4.415541648864746094e+00
2.207586765289306641e+00
-8.589114993810653687e-02
-2.674366235733032227e+00
-1.440908908843994141e+00
7.406899452209472656e+00
1.703244000673294067e-01
7.541584491729736328e+00
-8.821952939033508301e-01
-5.586153984069824219e+00
-5.557888984680175781e+00
-5.008697509765625000e-01
2.586470365524291992e+00
1.112588787078857422e+01
4.948333263397216797e+00
-1.974247097969055176e+00
-4.656018018722534180e-01
2.941697120666503906e+00
-1.847171545028686523e+00
-3.637332439422607422e+00
-2.800384044647216797e+00
2.025216579437255859e+00
4.454708099365234375e+00
-3.656258106231689453e+00
-4.690327167510986328e+00
2.535120010375976562e+00
4.565106868743896484e+00
4.477069377899169922e+00
-2.277462244033813477e+00
1.195276260375976562e+00
1.124200916290283203e+01
-2.980828046798706055e+00
-4.017982959747314453e+00
-2.212561130523681641e+00
-3.096922397613525391e+00
1.845051407814025879e+00
-1.899443745613098145e+00
-2.634650230407714844e+00
2.416587591171264648e+00
-8.544408082962036133e-01
-1.391684651374816895e+00
3.193864583969116211e+00
7.185810208320617676e-01
9.959611296653747559e-01
-2.366018742322921753e-01
3.892862558364868164e+00
-9.841598272323608398e-01
-1.354034543037414551e+00
-3.556221723556518555e+00
-2.210059404373168945e+00
1.608543276786804199e+00
-3.360049486160278320e+00
5.652727603912353516e+00
2.308177202939987183e-01
5.392021656036376953e+00
-9.162241220474243164e-01
-2.017240285873413086e+00
2.570617914199829102e+00
3.724317073822021484e+00
-1.087300777435302734e+00
-8.616486191749572754e-01
-5.103901863098144531e+00
-2.703682422637939453e+00
-1.526262640953063965e+00
-3.379694461822509766e+00
1.724309682846069336e+00
-1.949884891510009766e+00
-4.482370853424072266e+00
1.009772181510925293e+00
-1.680368781089782715e+00
-9.447964429855346680e-01
4.281783998012542725e-01
9.688366651535034180e-01
1.209380507469177246e+00
1.946419000625610352e+00
8.769535422325134277e-01
-3.778217792510986328e+00
-3.419404983520507812e+00
1.932892799377441406e+00
2.432620227336883545e-01
-6.378974914550781250e+00
-5.212099552154541016e-01
-3.926308155059814453e-01
-3.569699764251708984e+00
-2.095279693603515625e+00
1.269617080688476562e+00
3.354632377624511719e+00
-4.073670506477355957e-02
-1.328544974327087402e+00
-2.693613171577453613e-01
1.757049798965454102e+00
3.900191545486450195e+00
-3.077344179153442383e+00
-4.450929641723632812e+00
-1.619275212287902832e+00
2.847944974899291992e+00
-5.476505756378173828e-01
-5.924904942512512207e-01
-3.026129961013793945e+00
-5.594773292541503906e+00
3.274080753326416016e+00
2.803239822387695312e+00
2.577416896820068359e+00
-3.627244472503662109e+00
2.628736019134521484e+00
4.267338275909423828e+00
1.140946269035339355e+00
1.958036780357360840e+00
1.255079364776611328e+01
1.856296539306640625e+00
2.465867280960083008e+00
2.684303045272827148e+00
6.143819540739059448e-02
-3.325850248336791992e+00
-2.971520900726318359e+00
-1.313563108444213867e+00
1.953156590461730957e+00
-6.973100662231445312e+00
1.068809747695922852e+00
-4.534459114074707031e+00
5.363039970397949219e-01
-2.154637336730957031e+00
2.168919324874877930e+00
-3.203515052795410156e+00
-2.504906177520751953e+00
-2.540473937988281250e+00
6.696571409702301025e-02
-2.108023643493652344e+00
3.989707231521606445e+00
-1.280660748481750488e+00
2.060732364654541016e+00
1.169216871261596680e+00
1.878987401723861694e-01
6.938678741455078125e+00
-9.480131268501281738e-01
2.954028844833374023e+00
-2.030264139175415039e+00
-6.411065101623535156e+00
-1.471038341522216797e+00
-2.155037641525268555e+00
-2.265379190444946289e+00
9.498282432556152344e+00
5.805596351623535156e+00
-6.930747628211975098e-01
-1.354306101799011230e+00
3.460445404052734375e+00
3.531317710876464844e-01
-1.088799715042114258e+00
-5.001524925231933594e+00
1.326261878013610840e+00
4.831860959529876709e-01
-1.956854104995727539e+00
-2.694043874740600586e+00
1.872353672981262207e+00
5.830448865890502930e-01
3.217499256134033203e+00
-6.362797617912292480e-01
-2.540813684463500977e+00
5.152261734008789062e+00
-2.865057289600372314e-01
-9.357059001922607422e-02
-1.509680151939392090e-01
-1.954895257949829102e-01
6.484791040420532227e-01
-3.345033824443817139e-01
-3.904394149780273438e+00
2.486683607101440430e+00
1.249858498573303223e+00
-1.732751488685607910e+00
5.279851913452148438e+00
-1.316910743713378906e+00
1.199608564376831055e+00
3.501003980636596680e+00
2.247200965881347656e+00
-1.602454423904418945e+00
1.039646983146667480e+00
-1.331093348562717438e-02
-1.768527746200561523e+00
-6.403152644634246826e-02
6.829507946968078613e-01
-2.849012374877929688e+00
-8.185088634490966797e-01
1.894361734390258789e+00
5.660565495491027832e-01
1.426743388175964355e+00
6.548502445220947266e-01
-1.934704780578613281e+00
-3.690602257847785950e-02
-1.328659415245056152e+00
-2.642841577529907227e+00
4.117258787155151367e-01
2.126766443252563477e+00
-2.806326389312744141e+00
2.787116765975952148e+00
-1.828332066535949707e+00
-2.020519495010375977e+00
6.936364173889160156e-01
5.219126343727111816e-01
-2.570835053920745850e-01
1.288010716438293457e+00
-1.227429881691932678e-02
3.101126909255981445e+00
1.542219519615173340e+00
4.075120687484741211e-01
1.802560687065124512e+00
-5.916443839669227600e-02
5.897449851036071777e-01
1.510698318481445312e+00
-8.952426165342330933e-02
-2.016525506973266602e+00
-2.194272518157958984e+00
-1.599717378616333008e+00
2.379452466964721680e+00
-1.247227311134338379e+00
4.301201403141021729e-01
1.440322041511535645e+00
-1.899120211601257324e+00
-1.079153537750244141e+00
-1.203457593917846680e+00
1.440966844558715820e+00
-1.288375377655029297e+00
-9.484895467758178711e-01
1.459580659866333008e+00
2.881582677364349365e-01
3.463133573532104492e+00
-9.137247204780578613e-01
-5.351050376892089844e+00
-1.650010824203491211e+00
1.356870293617248535e+00
-3.146158456802368164e-01
-6.411134004592895508e-01
-3.434915065765380859e+00
7.216441631317138672e-01
3.016663074493408203e+00
-3.146220743656158447e-01
3.855903863906860352e+00
6.971425056457519531e+00
1.301776766777038574e+00
-8.226215839385986328e-01
1.585646438598632812e+01
-2.328266382217407227e+00
-3.412852764129638672e+00
4.739761352539062500e-01
-3.554451465606689453e+00
1.248095154762268066e+00
-3.284266948699951172e+00
-9.904268383979797363e-01
-3.975482702255249023e+00
2.384118735790252686e-01
-1.879901051521301270e+00
-2.587931871414184570e+00
-2.889102458953857422e+00
-4.589692592620849609e+00
-1.571012854576110840e+00
-1.898183941841125488e+00
-3.100096464157104492e+00
3.030102014541625977e+00
-1.098624348640441895e+00
2.568043231964111328e+00
8.124804496765136719e-01
-1.185608267784118652e+00
5.007107257843017578e+00
-2.894024372100830078e+00
3.240140438079833984e+00
-2.347086429595947266e+00
-5.368240356445312500e+00
-3.334603548049926758e+00
-1.101597070693969727e+00
-2.383840084075927734e+00
6.903283596038818359e+00
5.300324916839599609e+00
-1.275997161865234375e+00
-3.085129261016845703e+00
4.092670917510986328e+00
-8.725566789507865906e-03
-3.551686108112335205e-01
-4.947402954101562500e+00
8.364121913909912109e-01
-1.466356992721557617e+00
-4.308154106140136719e+00
-1.456960916519165039e+00
8.590460419654846191e-01
2.260205507278442383e+00
5.051101446151733398e-01
1.470395684242248535e+00
-8.948994278907775879e-01
3.241014480590820312e+00
-4.472222328186035156e-01
4.951598048210144043e-01
2.586286306381225586e+00
-1.373971581459045410e+00
1.276483416557312012e+00
4.411799609661102295e-01
-2.447607040405273438e+00
4.327170848846435547e+00
-1.515336990356445312e+00
-3.598698377609252930e+00
5.407720565795898438e+00
-1.436668515205383301e+00
-1.778839230537414551e+00
1.239216089248657227e+00
1.760643243789672852e+00
1.472896456718444824e+00
-5.858824253082275391e-01
-5.298385620117187500e-01
-4.184794425964355469e-01
-8.295056223869323730e-01
1.687392354011535645e+00
-4.427583217620849609e+00
-1.651294231414794922e+00
1.173389911651611328e+00
2.214055776596069336e+00
3.268871307373046875e+00
-3.808959126472473145e-01
-2.175988674163818359e+00
1.431032299995422363e+00
-3.496281147003173828e+00
-1.720257043838500977e+00
-7.119396924972534180e-01
7.494809627532958984e-01
-4.977486133575439453e+00
1.505430817604064941e+00
-1.064455866813659668e+00
-1.791496038436889648e+00
1.590481996536254883e+00
2.050044089555740356e-01
9.483029246330261230e-01
3.034872055053710938e+00
-1.069706201553344727e+00
3.722246885299682617e+00
1.691764712333679199e+00
7.688679695129394531e-01
-1.348354071378707886e-01
1.034077286720275879e+00
5.195088982582092285e-01
7.923492789268493652e-01
-1.373751759529113770e+00
-7.819072008132934570e-01
-1.948815435171127319e-01
-1.552852988243103027e+00
1.299961209297180176e+00
-2.295125246047973633e+00
1.158258557319641113e+00
1.949183344841003418e-01
-1.158510968089103699e-01
-1.063214063644409180e+00
7.062094211578369141e-01
1.954287886619567871e+00
-3.074082612991333008e+00
-5.664973855018615723e-01
-1.513591408729553223e+00
-1.351681709289550781e+00
2.261392354965209961e+00
-4.216982424259185791e-01
-2.485243797302246094e+00
-1.171844363212585449e+00
1.285604119300842285e+00
2.783340401947498322e-02
-1.248345732688903809e+00
-1.150372624397277832e+00
-4.235887527465820312e-01
5.293273448944091797e+00
-2.252376556396484375e+00
3.163020849227905273e+00
5.576862812042236328e+00
2.207215309143066406e+00
4.067444801330566406e-02
1.939398574829101562e+01
-7.697631716728210449e-01
-1.173131704330444336e+00
1.069023609161376953e+00
-3.190803050994873047e+00
-5.937241911888122559e-01
-2.650028228759765625e+00
7.566345930099487305e-01
-4.600091457366943359e+00
1.015057563781738281e+00
-3.883435010910034180e+00
2.496053457260131836e+00
-1.864520788192749023e+00
-4.415018558502197266e+00
-7.640775293111801147e-02
-2.184384346008300781e+00
-6.138309478759765625e+00
4.137966632843017578e+00
-1.844036102294921875e+00
6.790298223495483398e-02
6.809630393981933594e-01
-7.300379276275634766e-01
5.887951850891113281e+00
-1.997202754020690918e+00
2.787603378295898438e+00
-5.251414179801940918e-01
-5.022668361663818359e+00
-5.356861114501953125e+00
-2.825878620147705078e+00
-1.482248425483703613e+00
8.194447517395019531e+00
5.404229164123535156e+00
-2.009535789489746094e+00
-2.901145458221435547e+00
3.080564737319946289e+00
1.669991493225097656e+00
-1.068969607353210449e+00
-5.942317485809326172e+00
3.541592597961425781e+00
-1.390729308128356934e+00
-4.190245151519775391e+00
-4.528027772903442383e-01
2.276767015457153320e+00
2.959203958511352539e+00
2.446706056594848633e+00
1.532514572143554688e+00
-7.410866022109985352e-01
4.956711769104003906e+00
-2.064139842987060547e+00
-2.333220243453979492e+00
3.957231342792510986e-01
-1.569101929664611816e+00
1.753800868988037109e+00
-1.190143465995788574e+00
-4.663215160369873047e+00
5.090744495391845703e+00
-2.032480716705322266e+00
-2.888364553451538086e+00
4.989265441894531250e+00
-3.581707775592803955e-01
-1.816837430000305176e+00
2.179738521575927734e+00
3.136293411254882812e+00
1.883063167333602905e-01
4.131762683391571045e-01
5.357611551880836487e-02
5.551371574401855469e-01
1.074782371520996094e+00
-1.776772141456604004e+00
-1.685504317283630371e+00
-1.008605957031250000e+00
1.591425180435180664e+00
3.405790030956268311e-01
1.490850925445556641e+00
1.181295394897460938e+00
-3.024851322174072266e+00
-2.248291492462158203e+00
-3.444309234619140625e+00
-3.863940477371215820e+00
-3.270071744918823242e+00
-7.560965418815612793e-01
-3.102695465087890625e+00
1.390885710716247559e+00
-3.226928472518920898e+00
-4.567643642425537109e+00
1.263434171676635742e+00
-1.177036523818969727e+00
2.925329446792602539e+00
4.703851699829101562e+00
-3.558157682418823242e+00
2.016652107238769531e+00
-4.455339014530181885e-01
1.246459841728210449e+00
-3.281630277633666992e-01
-3.667423486709594727e+00
-9.259462952613830566e-01
6.399610042572021484e-01
-2.407691001892089844e+00
-2.805284261703491211e+00
-6.984785199165344238e-01
-2.637866497039794922e+00
-8.305286765098571777e-01
-5.285643935203552246e-01
1.553849935531616211e+00
-9.979387521743774414e-01
-8.750684559345245361e-02
3.566971302032470703e+00
-1.884928703308105469e+00
1.661244034767150879e+00
-2.914670109748840332e-01
-7.328321337699890137e-01
4.819115996360778809e-01
7.276613116264343262e-01
2.205728530883789062e+00
-1.141654372215270996e+00
-1.709377527236938477e+00
-2.366892337799072266e+00
2.093909502029418945e+00
1.293630123138427734e+00
2.524164319038391113e-01
-2.907717943191528320e+00
4.340958967804908752e-02
4.879547119140625000e+00
-4.148536205291748047e+00
5.393654823303222656e+00
8.401133537292480469e+00
1.423017382621765137e+00
1.292489647865295410e+00
1.550595569610595703e+01
-1.816736459732055664e+00
-3.207027912139892578e+00
-1.319051861763000488e+00
-7.418839335441589355e-01
1.125038146972656250e+00
-5.540453433990478516e+00
1.418022751808166504e+00
-2.625506162643432617e+00
-1.885334968566894531e+00
-1.217074692249298096e-01
-2.727181196212768555e+00
-3.162446498870849609e+00
-4.157649993896484375e+00
-3.280118227005004883e+00
-5.038869976997375488e-01
-7.817862629890441895e-01
4.154413700103759766e+00
2.213865369558334351e-01
9.868298172950744629e-01
9.075052738189697266e-01
9.839075207710266113e-01
6.597609996795654297e+00
-1.064385533332824707e+00
2.021703958511352539e+00
-3.745700836181640625e+00
-6.225519657135009766e+00
-3.201743841171264648e+00
-1.724973559379577637e+00
-2.446718215942382812e+00
4.856321334838867188e+00
6.296687602996826172e+00
3.290964365005493164e+00
-3.133433341979980469e+00
3.373082637786865234e+00
1.390181422233581543e+00
-2.192767560482025146e-01
-6.030294418334960938e+00
4.796736717224121094e+00
-3.041144371032714844e+00
-2.522406339645385742e+00
-3.522644042968750000e+00
1.451481819152832031e+00
1.760091036558151245e-01
1.950636386871337891e+00
3.406004428863525391e+00
-1.273645877838134766e+00
4.230050563812255859e+00
-4.501240253448486328e-01
-1.114194035530090332e+00
-4.610141515731811523e-01
-1.536531567573547363e+00
-1.249715909361839294e-01
-1.515839815139770508e+00
-4.842248916625976562e+00
1.996506094932556152e+00
-1.680642724037170410e+00
-2.262365341186523438e+00
3.965929150581359863e-01
-2.226117134094238281e+00
1.424765110015869141e+00
3.991383075714111328e+00
4.382829666137695312e+00
9.000053256750106812e-02
1.051017522811889648e+00
2.623402357101440430e+00
1.429968923330307007e-01
6.871286779642105103e-03
-2.075121879577636719e+00
-4.590494155883789062e+00
1.597317814826965332e+00
8.179011940956115723e-01
2.116127252578735352e+00
-8.256448507308959961e-01
1.624740719795227051e+00
2.836540639400482178e-01
-5.730386972427368164e-01
-4.002090454101562500e+00
-2.231734275817871094e+00
-1.256291866302490234e-01
-1.735988736152648926e+00
-4.937340259552001953e+00
3.168366193771362305e+00
-1.688586711883544922e+00
-1.602427959442138672e+00
-3.047125101089477539e+00
-1.747235953807830811e-01
1.990205407142639160e+00
6.820085048675537109e-01
2.286562681198120117e+00
-3.588588535785675049e-02
2.032169818878173828e+00
1.220166921615600586e+00
1.408366560935974121e+00
-2.713085114955902100e-01
1.232624769210815430e+00
1.541361451148986816e+00
-2.690935134887695312e+00
-1.684655070304870605e+00
-2.018387556076049805e+00
-3.271986246109008789e+00
6.922250390052795410e-01
-5.157564282417297363e-01
1.837217450141906738e+00
2.365947961807250977e+00
-1.215784549713134766e+00
9.688223004341125488e-01
-2.111993074417114258e+00
2.868334531784057617e+00
-1.093284368515014648e+00
1.688925385475158691e+00
1.026296019554138184e+00
3.152754068374633789e+00
1.328790187835693359e+00
-1.179229974746704102e+00
-4.331333637237548828e+00
-1.515040516853332520e+00
-5.603150129318237305e-01
6.895605921745300293e-01
-1.012663841247558594e+00
-4.133185863494873047e+00
5.376843214035034180e-01
2.622149467468261719e+00
-2.543907165527343750e+00
5.157142162322998047e+00
6.046871662139892578e+00
2.189937353134155273e+00
-7.296448349952697754e-01
1.440573978424072266e+01
-3.695671796798706055e+00
-3.708074331283569336e+00
2.387675046920776367e+00
-5.433511257171630859e+00
-3.131073236465454102e+00
-5.245186805725097656e+00
-1.672298669815063477e+00
3.474081993103027344e+00
-7.173114776611328125e+00
1.427861452102661133e+00
-2.083490180969238281e+01
-5.568865776062011719e+00
-2.692937135696411133e+00
-1.150203824043273926e+00
-5.754030704498291016e+00
2.661493062973022461e+00
6.424111127853393555e-01
-1.560390949249267578e+00
2.025449514389038086e+00
1.380807012319564819e-01
3.332106113433837891e+00
6.912075042724609375e+00
-5.123011589050292969e+00
5.879468441009521484e+00
-2.068782329559326172e+00
8.597891926765441895e-01
-4.499506652355194092e-01
-3.006741106510162354e-01
-1.902745246887207031e+00
-4.178525924682617188e+00
3.802071213722229004e-01
-1.139998555183410645e+00
-2.331616133451461792e-01
-7.963319122791290283e-02
-2.493948638439178467e-01
-9.393839240074157715e-01
-1.435147881507873535e+00
1.961749196052551270e+00
-6.298017501831054688e+00
-1.809459567070007324e+00
-3.440160036087036133e+00
-1.132580280303955078e+00
-3.248501062393188477e+00
-6.421315193176269531e+00
1.498579740524291992e+00
-1.851899504661560059e+00
-1.876312136650085449e+00
1.369249463081359863e+00
1.654801487922668457e+00
3.344643115997314453e+00
1.108792781829833984e+00
-2.592654228210449219e+00
1.136911630630493164e+00
-1.787721663713455200e-01
-1.114765644073486328e+00
-1.573749899864196777e+00
-2.812092065811157227e+00
-3.664283752441406250e-01
-3.071203947067260742e+00
-1.726973414421081543e+00
1.547032117843627930e+00
4.414992332458496094e+00
1.467897534370422363e+00
-2.156133174896240234e+00
2.005203962326049805e+00
-2.199751138687133789e+00
-5.549021244049072266e+00
7.467781305313110352e-01
-1.070345973968505859e+01
5.330349206924438477e-01
1.836155176162719727e+00
2.274740695953369141e+00
1.646902084350585938e+00
1.394137263298034668e+00
-7.985402345657348633e-01
-2.020805776119232178e-01
-3.019020557403564453e+00
-6.646445393562316895e-01
4.236371994018554688e+00
6.463351100683212280e-02
-8.426753044128417969e+00
1.244488716125488281e+00
-1.279872655868530273e+00
-6.278698891401290894e-02
-3.970635533332824707e-01
1.001752018928527832e+00
2.209764569997787476e-01
-5.595307946205139160e-01
5.416309833526611328e+00
1.587433218955993652e+00
4.193600177764892578e+00
4.306394577026367188e+00
-6.911733746528625488e-01
-6.998094320297241211e-01
-6.857639551162719727e-02
1.892434239387512207e+00
-2.622217416763305664e+00
-1.903141498565673828e+00
-2.027590036392211914e+00
-4.653026461601257324e-01
-5.871093869209289551e-01
-2.359341830015182495e-01
-8.699842095375061035e-01
1.428008079528808594e+00
1.354388594627380371e+00
-1.448048591613769531e+00
-2.089964866638183594e+00
7.282333076000213623e-02
-4.718465328216552734e+00
1.713244676589965820e+00
2.781469583511352539e+00
-6.560459136962890625e-01
-1.735486626625061035e+00
-6.496685743331909180e-01
-2.232077121734619141e+00
6.152318120002746582e-01
-2.020439147949218750e+00
-5.889871120452880859e-01
9.056472182273864746e-01
-3.197824478149414062e+00
-1.044667124748229980e+00
-5.849893689155578613e-01
2.478622198104858398e-01
2.143852233886718750e+00
-3.105847120285034180e+00
1.458075404167175293e+00
-4.096745491027832031e+00
2.288136291503906250e+01
3.602714538574218750e+00
9.848880022764205933e-02
2.004466772079467773e+00
-3.676986694335937500e+00
-3.573694467544555664e+00
-2.962244033813476562e+00
-1.991259455680847168e+00
5.886397838592529297e+00
-5.116265296936035156e+00
2.272571086883544922e+00
-2.207297706604003906e+01
-2.538928747177124023e+00
-1.105335354804992676e+00
-2.895151853561401367e+00
-7.417816162109375000e+00
2.367601394653320312e+00
-2.404721975326538086e+00
-4.128167629241943359e+00
6.013127565383911133e-01
-2.054971694946289062e+00
4.694700717926025391e+00
5.179425716400146484e+00
-2.728193044662475586e+00
4.379277706146240234e+00
1.386657357215881348e+00
4.023884773254394531e+00
7.910467386245727539e-01
1.517346858978271484e+00
-3.571236371994018555e+00
-6.853940963745117188e+00
1.095581650733947754e+00
-2.576037883758544922e+00
-1.910204052925109863e+00
3.488330245018005371e-01
3.293411016464233398e+00
1.743462800979614258e+00
-8.994807004928588867e-01
1.662577152252197266e+00
-7.981798171997070312e+00
-3.298427820205688477e+00
-4.465781748294830322e-01
-3.020470380783081055e+00
-3.873958349227905273e+00
-8.600761413574218750e+00
4.470957815647125244e-01
-1.806847333908081055e+00
-8.289869308471679688e+00
2.243016481399536133e+00
2.387145042419433594e+00
2.527070760726928711e+00
2.402657985687255859e+00
-4.925724029541015625e+00
2.217394590377807617e+00
1.984789013862609863e+00
-1.377594828605651855e+00
-8.435277342796325684e-01
-1.824265003204345703e+00
9.947195053100585938e-01
-4.907991886138916016e+00
-2.562151193618774414e+00
7.936555147171020508e-01
4.287385463714599609e+00
2.841799855232238770e-01
-1.163233995437622070e+00
1.764280796051025391e+00
-8.363806009292602539e-01
-5.364431858062744141e+00
2.436116218566894531e+00
-1.086390304565429688e+01
-1.247601360082626343e-01
2.100006818771362305e+00
1.194272756576538086e+00
2.717271089553833008e+00
2.926644325256347656e+00
-3.219135046005249023e+00
2.412545531988143921e-01
-2.126714229583740234e+00
-3.690782487392425537e-01
5.123146057128906250e+00
3.214378118515014648e+00
-6.048213481903076172e+00
1.627363711595535278e-01
-2.543222665786743164e+00
-1.217291951179504395e+00
-1.121790289878845215e+00
3.064297914505004883e+00
8.864033222198486328e-01
-3.879264831542968750e+00
4.373141765594482422e+00
-1.565492987632751465e+00
4.698696732521057129e-01
4.727034091949462891e+00
1.903904676437377930e+00
-3.463001012802124023e+00
1.248407483100891113e+00
1.372238159179687500e+00
1.962671995162963867e+00
2.855613231658935547e-01
-1.500811457633972168e+00
-6.231179833412170410e-01
-1.976536870002746582e+00
1.488540053367614746e+00
-2.453619241714477539e+00
4.935161590576171875e+00
7.468885779380798340e-01
-3.234630346298217773e+00
-1.149354428052902222e-01
-6.417192220687866211e-01
-8.001176834106445312e+00
9.262402057647705078e-01
1.398533225059509277e+00
-2.070909738540649414e+00
-7.992646098136901855e-01
6.660774350166320801e-01
-1.118259191513061523e+00
2.711784839630126953e+00
-1.222386002540588379e+00
-6.777528524398803711e-01
2.996835470199584961e+00
-1.366870403289794922e+00
-2.409227341413497925e-01
1.622593879699707031e+00
3.412325978279113770e-01
2.001318454742431641e+00
-7.850982666015625000e+00
7.180960774421691895e-01
-5.958321094512939453e+00
2.159062004089355469e+01
5.378815650939941406e+00
-1.453289866447448730e+00
4.497013688087463379e-01
-9.301975965499877930e-01
-1.686334729194641113e+00
-1.088248014450073242e+00
-2.078589439392089844e+00
3.891749858856201172e+00
-3.609642744064331055e+00
1.315404653549194336e+00
-2.416552734375000000e+01
-3.783439397811889648e+00
2.965345680713653564e-01
8.918680548667907715e-01
-4.745096683502197266e+00
2.547573566436767578e+00
-5.644786834716796875e+00
-5.457663536071777344e+00
2.709989309310913086e+00
4.436679780483245850e-01
3.960353612899780273e+00
2.233971357345581055e+00
-3.367746114730834961e+00
2.695290088653564453e+00
1.765180587768554688e+00
3.572472095489501953e+00
-3.724144995212554932e-01
2.205463886260986328e+00
-3.065636873245239258e+00
-8.088784217834472656e+00
3.333262681961059570e+00
-1.510141730308532715e+00
-7.383819222450256348e-01
-7.483318448066711426e-01
3.477152585983276367e+00
-1.522364318370819092e-01
-1.194302320480346680e+00
1.843051910400390625e+00
-8.821213722229003906e+00
-4.868053436279296875e+00
2.222111940383911133e+00
-2.156935930252075195e+00
-4.457498550415039062e+00
-1.074776268005371094e+01
-5.751714110374450684e-01
-1.401931881904602051e+00
-9.002140045166015625e+00
1.417875051498413086e+00
1.929369091987609863e+00
5.922583103179931641e+00
3.401656866073608398e+00
-2.456323146820068359e+00
1.820035576820373535e+00
3.554101467132568359e+00
-2.045457601547241211e+00
-1.955587863922119141e+00
-1.527462840080261230e+00
2.009228229522705078e+00
-1.957682609558105469e+00
-3.650732278823852539e+00
2.302691698074340820e+00
3.762588977813720703e+00
5.010205507278442383e-01
-1.284950494766235352e+00
2.277665376663208008e+00
2.372187137603759766e+00
-6.753426074981689453e+00
3.895851850509643555e+00
-1.238412380218505859e+01
-1.123458027839660645e+00
1.585724592208862305e+00
2.309223651885986328e+00
4.091941356658935547e+00
1.588627934455871582e+00
-3.302880287170410156e+00
1.149060964584350586e+00
-7.001447677612304688e-01
-1.224709868431091309e+00
4.644105911254882812e+00
2.538913488388061523e+00
-9.034169197082519531e+00
9.070643782615661621e-01
-1.336531281471252441e+00
-1.940621733665466309e+00
-1.897635906934738159e-01
3.937177181243896484e+00
-9.994506239891052246e-01
-2.779312610626220703e+00
3.451785087585449219e+00
-1.720020771026611328e-01
-2.620407819747924805e+00
4.816830158233642578e+00
3.535562753677368164e+00
-1.100410938262939453e+00
4.040927886962890625e+00
5.301319360733032227e-01
3.581688404083251953e+00
2.045903921127319336e+00
-3.596503973007202148e+00
2.699275314807891846e-01
1.711072921752929688e+00
-5.254590138792991638e-02
-1.896859765052795410e+00
3.548307657241821289e+00
1.940261602401733398e+00
-2.009071350097656250e+00
1.516884118318557739e-01
-2.121283054351806641e+00
-6.514685153961181641e+00
3.856336474418640137e-01
8.059023022651672363e-01
1.245596036314964294e-01
1.345034956932067871e+00
2.288007736206054688e+00
-1.883894920349121094e+00
2.942726850509643555e+00
-1.163752555847167969e+00
-1.248268961906433105e+00
1.723113059997558594e+00
1.276001185178756714e-01
-6.108210086822509766e-01
3.864194393157958984e+00
4.113933816552162170e-02
1.239849448204040527e+00
-1.055803203582763672e+01
-1.115826368331909180e+00
-5.255067825317382812e+00
1.959301757812500000e+01
7.051991462707519531e+00
-1.806808352470397949e+00
2.925879478454589844e+00
-6.669645905494689941e-01
-3.162056922912597656e+00
-7.631617188453674316e-01
-2.683569431304931641e+00
4.465247154235839844e+00
-2.480740070343017578e+00
1.999636173248291016e+00
-2.254710197448730469e+01
-3.271506547927856445e+00
-2.000490278005599976e-01
-1.375284641981124878e-01
-2.901967763900756836e+00
2.064244270324707031e+00
-6.718511104583740234e+00
-3.424248456954956055e+00
9.779689311981201172e-01
-5.079131126403808594e-01
3.613069772720336914e+00
2.721227169036865234e+00
-3.294395923614501953e+00
4.205519199371337891e+00
2.823145866394042969e+00
4.088917732238769531e+00
7.908443808555603027e-01
9.794258475303649902e-01
-3.360952138900756836e+00
-8.752736091613769531e+00
1.315286636352539062e+00
-2.051396131515502930e+00
8.144732117652893066e-01
-7.398266196250915527e-01
2.861978054046630859e+00
1.639896273612976074e+00
2.368084669113159180e+00
2.710278034210205078e-01
-6.887151718139648438e+00
-1.553083181381225586e+00
-1.248421669006347656e+00
-3.386629343032836914e+00
-3.999148845672607422e+00
-9.775905609130859375e+00
-3.478475213050842285e-01
-3.202000856399536133e-01
-8.107444763183593750e+00
9.577120542526245117e-01
2.840730190277099609e+00
4.288950920104980469e+00
2.934766769409179688e+00
-2.657652854919433594e+00
9.128788113594055176e-01
4.902948856353759766e+00
-1.642627477645874023e+00
1.151141524314880371e+00
-1.681319952011108398e+00
-1.775255680084228516e+00
-2.370470523834228516e+00
-2.510555028915405273e+00
-2.995330095291137695e-01
1.832466244697570801e+00
7.386636137962341309e-01
-1.452316045761108398e+00
6.942740082740783691e-01
7.727680206298828125e-01
-6.084019660949707031e+00
2.772263050079345703e+00
-7.735943794250488281e+00
-6.227951645851135254e-01
2.057816982269287109e+00
2.482340097427368164e+00
3.679491519927978516e+00
1.529100656509399414e+00
-1.411373734474182129e+00
1.609279513359069824e+00
-2.262614727020263672e+00
7.505536079406738281e-01
3.263603210449218750e+00
2.045078277587890625e+00
-8.171545982360839844e+00
-1.344872117042541504e+00
-8.449716567993164062e-01
-8.093273639678955078e-02
1.418545749038457870e-02
2.958590269088745117e+00
-1.466619491577148438e+00
-2.621954917907714844e+00
4.442874908447265625e+00
1.210195302963256836e+00
7.690958976745605469e-01
4.174755573272705078e+00
3.831092715263366699e-01
-8.369928002357482910e-01
2.430526494979858398e+00
5.913951992988586426e-01
3.328092098236083984e+00
2.018874168395996094e+00
-1.628994047641754150e-01
-8.699452877044677734e-02
-4.976596310734748840e-02
-1.535809516906738281e+00
-2.417290449142456055e+00
2.669082164764404297e+00
2.130959749221801758e+00
-3.058266162872314453e+00
1.186119794845581055e+00
-2.700763225555419922e+00
-7.599896430969238281e+00
7.829497754573822021e-02
5.894626379013061523e-01
-1.258620023727416992e-01
3.724424540996551514e-01
7.009034156799316406e-01
-1.803018689155578613e+00
4.263326644897460938e+00
-1.012742161750793457e+00
-1.606096863746643066e+00
1.850091814994812012e+00
6.242213845252990723e-01
-2.481253147125244141e+00
4.908920526504516602e-01
-4.351694583892822266e-01
1.385366916656494141e-01
-8.082798004150390625e+00
-6.434007287025451660e-01
-4.658648967742919922e+00
1.889582443237304688e+01
5.783735752105712891e+00
9.258999675512313843e-02
2.076451063156127930e+00
-5.299394726753234863e-01
-3.982704639434814453e+00
-9.687013626098632812e-01
-5.779854059219360352e-01
1.614314913749694824e+00
-4.096617221832275391e+00
1.431662678718566895e+00
-1.551029872894287109e+01
-2.131641387939453125e+00
1.694494932889938354e-01
2.279516220092773438e+00
-5.357417583465576172e+00
3.934822678565979004e-01
-1.075545549392700195e+00
-2.950297355651855469e+00
-2.279450744390487671e-01
-1.826272308826446533e-01
3.155635118484497070e+00
1.925672411918640137e+00
-1.629701375961303711e+00
5.493136882781982422e+00
1.917418003082275391e+00
3.668122053146362305e+00
-6.889473795890808105e-01
-7.194381952285766602e-01
-2.133953332901000977e+00
-5.955275535583496094e+00
1.323422908782958984e+00
1.468009471893310547e+00
-3.121763169765472412e-01
-1.030932068824768066e+00
3.025460481643676758e+00
-9.230882525444030762e-01
3.386258780956268311e-01
1.669953107833862305e+00
-6.210580348968505859e+00
-2.194941759109497070e+00
-2.067839145660400391e+00
-4.604958057403564453e+00
-2.926077604293823242e+00
-7.096283435821533203e+00
-2.841571271419525146e-01
1.918296694755554199e+00
-2.404730081558227539e+00
7.431805729866027832e-01
2.105838775634765625e+00
2.931039333343505859e+00
1.565200924873352051e+00
-1.497301220893859863e+00
4.071581363677978516e-01
3.295599699020385742e+00
-1.442350625991821289e+00
-1.445058941841125488e+00
-2.212229013442993164e+00
-9.792458415031433105e-01
-2.914959669113159180e+00
-3.228388547897338867e+00
-2.313174486160278320e+00
2.808474302291870117e+00
1.989899158477783203e+00
-2.261784076690673828e+00
-6.939488649368286133e-02
2.047178268432617188e+00
-3.159665107727050781e+00
1.320297598838806152e+00
-6.032245159149169922e+00
4.076253771781921387e-01
1.002615928649902344e+00
1.581468105316162109e+00
2.489632368087768555e+00
2.645448207855224609e+00
-1.643655776977539062e+00
2.535283088684082031e+00
-2.197638511657714844e+00
-8.272935450077056885e-02
2.334246158599853516e+00
1.895393013954162598e+00
-7.567459583282470703e+00
-4.943250119686126709e-01
-1.623454093933105469e+00
-1.750543832778930664e+00
-1.286280870437622070e+00
5.135612964630126953e+00
1.864588499069213867e+00
-1.195690155029296875e+00
3.694502353668212891e+00
-8.419070839881896973e-01
4.418367892503738403e-02
2.669019222259521484e+00
1.212408185005187988e+00
7.400457262992858887e-01
2.814827680587768555e+00
1.451311945915222168e+00
9.031534790992736816e-01
4.533953368663787842e-01
-4.568108022212982178e-01
-4.326383769512176514e-01
-1.377692341804504395e+00
-1.505412697792053223e+00
-3.923676311969757080e-01
2.149187088012695312e+00
2.389640808105468750e+00
-8.026808500289916992e-01
6.611024737358093262e-01
-5.941119790077209473e-01
-6.879767417907714844e+00
1.186903476715087891e+00
-4.870682954788208008e-02
4.729800522327423096e-01
4.492349028587341309e-01
1.103372454643249512e+00
-1.041453480720520020e+00
1.612936019897460938e+00
7.001858949661254883e-01
-1.192642688751220703e+00
1.361968278884887695e+00
-1.477984666824340820e+00
-2.925801515579223633e+00
6.681909561157226562e-01
-3.807145655155181885e-01
1.508471846580505371e+00
-4.871389865875244141e+00
-1.054335832595825195e+00
-3.524395465850830078e+00
1.354434013366699219e+01
3.652963876724243164e+00
-2.988025903701782227e+00
1.915768980979919434e+00
1.608564853668212891e-01
-4.796352386474609375e+00
-2.126447200775146484e+00
1.935852289199829102e+00
-4.162458479404449463e-01
-4.788008213043212891e+00
-1.257187008857727051e+00
-6.656745433807373047e+00
-2.290207147598266602e+00
-1.582161307334899902e+00
-1.590259432792663574e+00
-4.347187519073486328e+00
1.153045535087585449e+00
3.127749443054199219e+00
-2.770573854446411133e+00
-9.242733120918273926e-01
1.504234910011291504e+00
4.935894012451171875e+00
7.069451332092285156e+00
-1.540970563888549805e+00
8.785297393798828125e+00
-1.818335175514221191e+00
-8.817124366760253906e-01
-3.203222274780273438e+00
-3.881133317947387695e+00
-4.957164764404296875e+00
7.528797537088394165e-02
3.441522836685180664e+00
1.264747738838195801e+00
-7.787281274795532227e-01
4.286335706710815430e-01
1.795677542686462402e+00
-2.183198928833007812e+00
-3.391057968139648438e+00
6.467333316802978516e+00
-4.333469867706298828e+00
-1.363829374313354492e+00
-4.899020195007324219e+00
8.002840876579284668e-01
-4.273001670837402344e+00
-2.908911943435668945e+00
-1.956483244895935059e+00
-4.418590068817138672e-01
4.481403350830078125e+00
8.674650192260742188e-01
6.068704128265380859e-01
1.908498048782348633e+00
1.373172760009765625e+00
3.931209444999694824e-01
-5.953252315521240234e-01
-9.467696547508239746e-01
-1.973976731300354004e+00
-7.506877779960632324e-01
-4.344102859497070312e+00
6.707544922828674316e-01
-3.199794769287109375e+00
5.236361622810363770e-01
1.835898399353027344e+00
4.587550163269042969e+00
8.222640752792358398e-01
-1.761913657188415527e+00
-3.114301264286041260e-01
1.923487335443496704e-01
-3.197461366653442383e+00
8.007747530937194824e-01
-4.716910362243652344e+00
2.263219594955444336e+00
3.020069360733032227e+00
-4.862941801548004150e-01
-4.936525821685791016e-01
3.757762432098388672e+00
-1.469368696212768555e+00
-7.094202041625976562e-01
3.733953237533569336e-01
-3.493596792221069336e+00
1.559904456138610840e+00
2.366656541824340820e+00
-6.749970912933349609e+00
2.860923051834106445e+00
-5.740969777107238770e-01
-2.394037008285522461e+00
-1.155167698860168457e+00
3.289727926254272461e+00
7.767444252967834473e-01
-2.367531657218933105e-01
4.167989730834960938e+00
2.067271806299686432e-02
6.957127451896667480e-01
2.290533781051635742e+00
3.087285161018371582e-01
-1.101622343063354492e+00
2.814647436141967773e+00
3.203392028808593750e+00
-3.405441045761108398e-01
4.073389172554016113e-01
-1.807526350021362305e+00
-3.899607181549072266e+00
3.351709246635437012e-01
-4.240121841430664062e-01
5.202537178993225098e-01
4.870710372924804688e+00
5.746685862541198730e-01
-1.940166354179382324e+00
-6.414111852645874023e-01
-5.100287199020385742e-01
-6.751216411590576172e+00
1.304719090461730957e+00
3.291909456253051758e+00
1.185197114944458008e+00
1.682615280151367188e+00
1.804336547851562500e+00
-4.417914867401123047e+00
-2.420297145843505859e+00
-1.105353951454162598e+00
-1.938321352005004883e+00
1.768294453620910645e+00
-5.636909008026123047e+00
7.278388142585754395e-01
1.642619371414184570e+00
8.244352936744689941e-01
2.207829713821411133e+00
6.173207163810729980e-01
-2.675461769104003906e+00
-9.298540353775024414e-01
1.031970691680908203e+01
4.622899532318115234e+00
-3.572330474853515625e+00
1.275102615356445312e+00
-3.183486938476562500e+00
-3.284566879272460938e+00
-4.806876659393310547e+00
2.305062055587768555e+00
-5.002999305725097656e+00
-2.148302078247070312e+00
-3.425062894821166992e+00
9.396385401487350464e-02
-1.433256983757019043e+00
-1.262930274009704590e+00
-5.103347778320312500e+00
1.928640961647033691e+00
1.887462139129638672e+00
1.437332153320312500e+00
-5.068659305572509766e+00
-2.955701351165771484e+00
3.635586738586425781e+00
2.803420722484588623e-01
2.494847059249877930e+00
-1.738521575927734375e+00
1.046787452697753906e+01
-5.786809921264648438e+00
-4.404364585876464844e+00
-3.158059835433959961e+00
-4.911424636840820312e+00
-3.150765657424926758e+00
5.269839763641357422e+00
3.269930601119995117e+00
5.503049492835998535e-02
-7.480311393737792969e-01
3.850442647933959961e+00
5.053845047950744629e-01
8.400911688804626465e-01
-5.092704772949218750e+00
7.995410919189453125e+00
-6.152343750000000000e+00
-3.813308715820312500e+00
-6.034211635589599609e+00
9.383273720741271973e-01
-2.985894918441772461e+00
1.895446062088012695e+00
3.696474313735961914e+00
-2.260189771652221680e+00
3.744616270065307617e+00
1.331093072891235352e+00
-2.476988554000854492e+00
-2.913968563079833984e+00
3.428457498550415039e+00
1.614567399024963379e+00
3.400896310806274414e+00
-2.530033588409423828e+00
-2.194629430770874023e+00
8.953840732574462891e-01
-5.467225551605224609e+00
3.423997163772583008e+00
1.854728579521179199e+00
3.551905393600463867e+00
2.386441230773925781e+00
3.026322603225708008e+00
4.021104425191879272e-02
1.385280489921569824e+00
-1.369383692741394043e+00
2.799741744995117188e+00
4.572114944458007812e-01
3.533576130867004395e-01
-7.768192291259765625e+00
5.307727336883544922e+00
7.810853123664855957e-01
-2.938063144683837891e-01
2.832560062408447266e+00
3.716720819473266602e+00
4.053252696990966797e+00
-3.343362212181091309e-01
5.817784667015075684e-01
-3.174605846405029297e+00
1.729949831962585449e+00
1.192835807800292969e+00
-5.409902095794677734e+00
1.909458756446838379e+00
-6.910771131515502930e-01
-7.050792217254638672e+00
7.259912490844726562e-01
1.305442571640014648e+00
-1.368866443634033203e+00
3.522473812103271484e+00
-6.227800846099853516e-01
4.714509487152099609e+00
1.453551054000854492e+00
7.125081419944763184e-01
-2.489907264709472656e+00
4.437375545501708984e+00
2.976124286651611328e+00
3.860853433609008789e+00
-5.189050674438476562e+00
-4.984820261597633362e-02
-1.410303354263305664e+00
-2.213047027587890625e+00
-2.216403484344482422e+00
-3.047504901885986328e+00
1.708299517631530762e+00
3.514492511749267578e+00
-2.943295955657958984e+00
-4.438432753086090088e-01
-2.131835699081420898e+00
2.200876235961914062e+00
-7.812869548797607422e+00
-1.694216966629028320e+00
-1.020938515663146973e+00
1.036042213439941406e+00
2.709602117538452148e+00
-9.515931606292724609e-01
-3.797479867935180664e+00
-5.157069683074951172e+00
6.525685191154479980e-01
-1.446388959884643555e+00
7.227193564176559448e-02
-4.421366214752197266e+00
4.686258435249328613e-01
6.934859752655029297e+00
-1.674309492111206055e+00
4.714813709259033203e+00
6.669043540954589844e+00
-1.642872333526611328e+00
-3.943203926086425781e+00
1.407812309265136719e+01
3.599108755588531494e-01
-1.912664532661437988e+00
-1.401306152343750000e+00
-3.760525941848754883e+00
-7.853329777717590332e-01
-5.518198013305664062e+00
3.997484445571899414e-01
-6.404682636260986328e+00
-8.458480834960937500e-01
-4.845665931701660156e+00
2.464470386505126953e+00
-5.726015567779541016e-01
-3.927740573883056641e+00
-2.095353841781616211e+00
4.316480457782745361e-01
-8.140954971313476562e-01
1.835122346878051758e+00
-3.604263782501220703e+00
-2.650061607360839844e+00
4.169571399688720703e+00
2.522659540176391602e+00
2.992789268493652344e+00
-2.213016271591186523e+00
9.881485939025878906e+00
-3.469935655593872070e+00
-4.731676578521728516e+00
-6.392403125762939453e+00
-4.906762123107910156e+00
-1.184623599052429199e+00
7.493661403656005859e+00
5.384654045104980469e+00
1.543023467063903809e+00
-1.386525511741638184e+00
3.909466981887817383e+00
8.612470626831054688e-01
-2.157398462295532227e+00
-3.720333099365234375e+00
6.109270572662353516e+00
-3.870754718780517578e+00
-4.978662490844726562e+00
-6.268624305725097656e+00
2.953087568283081055e+00
-9.547613263130187988e-01
1.199470043182373047e+00
1.433332800865173340e+00
-1.167796969413757324e+00
5.955585002899169922e+00
-2.397261857986450195e+00
-3.351008176803588867e+00
-1.344844460487365723e+00
2.927284955978393555e+00
3.576544761657714844e+00
-3.048864006996154785e-01
-2.136318683624267578e+00
1.379698038101196289e+00
-1.389917373657226562e+00
-3.680483579635620117e+00
2.983714580535888672e+00
1.724720120429992676e+00
1.158729314804077148e+00
1.335991740226745605e+00
2.940271854400634766e+00
1.332973361015319824e+00
-9.490050673484802246e-01
-3.431465387344360352e+00
2.180735826492309570e+00
1.176817297935485840e+00
3.313846886157989502e-01
-4.099819660186767578e+00
1.084116101264953613e+00
3.307345390319824219e+00
-9.002428054809570312e-01
7.641156315803527832e-01
2.981161832809448242e+00
1.614909410476684570e+00
3.958812355995178223e-01
-2.719908237457275391e+00
-3.566707372665405273e+00
-4.520936906337738037e-01
2.625451683998107910e-01
-7.522327423095703125e+00
1.075067281723022461e+00
-2.081960439682006836e+00
-8.333058357238769531e+00
1.398397684097290039e+00
1.827341794967651367e+00
-1.456832289695739746e+00
3.333665132522583008e+00
-8.238756060600280762e-01
2.593506336212158203e+00
2.200025081634521484e+00
-1.671328663825988770e+00
-3.500680685043334961e+00
-4.072004258632659912e-01
4.000198841094970703e+00
4.289545059204101562e+00
-2.528799057006835938e+00
1.326760649681091309e+00
-1.528617382049560547e+00
-4.262009143829345703e+00
-1.214856028556823730e+00
-4.105274200439453125e+00
1.305237174034118652e+00
5.300996825098991394e-02
-1.381880760192871094e+00
1.185143947601318359e+00
3.654788732528686523e-01
2.025361776351928711e+00
-7.701966762542724609e+00
-1.433586120605468750e+00
-1.192334771156311035e+00
2.100823640823364258e+00
3.509622335433959961e+00
-2.079877376556396484e+00
-4.389800548553466797e+00
-5.618211269378662109e+00
3.870322465896606445e+00
-1.185646802186965942e-01
7.171024084091186523e-01
-3.199016094207763672e+00
1.329526185989379883e+00
6.704014778137207031e+00
-2.467602729797363281e+00
4.455368995666503906e+00
9.062092781066894531e+00
-7.641245722770690918e-01
-5.590313076972961426e-01
1.166963195800781250e+01
6.743811368942260742e-01
-3.226904392242431641e+00
-8.458095192909240723e-01
-2.944146156311035156e+00
-9.074433445930480957e-01
-6.724405765533447266e+00
3.026338338851928711e+00
-7.858689308166503906e+00
-1.099443912506103516e+00
-4.673494815826416016e+00
3.658233165740966797e+00
-2.072733402252197266e+00
-2.667630195617675781e+00
-8.870253562927246094e-01
-5.562192201614379883e-01
-2.688576459884643555e+00
4.679946899414062500e+00
-1.667006015777587891e+00
-1.549247264862060547e+00
4.422215461730957031e+00
1.871295928955078125e+00
3.628706932067871094e+00
-3.379749059677124023e+00
1.076044940948486328e+01
-2.813042879104614258e+00
-5.621330738067626953e+00
-7.559045791625976562e+00
-5.717103004455566406e+00
-1.647388219833374023e+00
6.800299644470214844e+00
6.821402549743652344e+00
2.878780841827392578e+00
-1.943720102310180664e+00
3.644479274749755859e+00
8.577924966812133789e-01
-2.336785316467285156e+00
-6.517061710357666016e+00
7.542541503906250000e+00
-1.639053821563720703e+00
-4.573547363281250000e+00
-7.666397571563720703e+00
2.509422063827514648e+00
-4.515330791473388672e-01
2.397705554962158203e+00
1.726363778114318848e+00
6.785807609558105469e-01
9.575200080871582031e+00
-3.687042236328125000e+00
-2.235034465789794922e+00
9.338527172803878784e-02
2.237582206726074219e+00
4.948876857757568359e+00
-3.157403230667114258e+00
-2.550117492675781250e+00
-3.333908319473266602e-02
-1.862550377845764160e+00
-3.683640480041503906e+00
2.309112787246704102e+00
3.133600473403930664e+00
2.142749309539794922e+00
-1.577695012092590332e+00
1.951508879661560059e+00
1.425464987754821777e+00
-1.986491084098815918e+00
-9.467195272445678711e-01
8.340666294097900391e-01
3.585472822189331055e+00
1.284559816122055054e-01
-2.283335685729980469e+00
3.416795015335083008e+00
1.087956652045249939e-01
6.083323955535888672e-01
-8.288974165916442871e-01
3.138000011444091797e+00
1.280388236045837402e+00
3.224790468811988831e-02
-1.263574004173278809e+00
-3.408963918685913086e+00
-2.761014699935913086e+00
-7.599214911460876465e-01
-6.730511665344238281e+00
-9.761407226324081421e-02
-1.221858978271484375e+00
-6.376669883728027344e+00
6.289709210395812988e-01
-6.374662518501281738e-01
2.734113693237304688e+00
2.883855104446411133e+00
-1.442883968353271484e+00
5.976097106933593750e+00
1.352369070053100586e+00
1.500097990036010742e+00
-2.357501268386840820e+00
-4.057953655719757080e-01
2.260241985321044922e+00
4.069792270660400391e+00
-4.255666732788085938e+00
5.527028441429138184e-01
-1.549702525138854980e+00
-4.475905895233154297e+00
2.277514934539794922e-01
-2.209725141525268555e+00
2.508774280548095703e+00
-6.164402961730957031e-01
-1.254279136657714844e+00
1.615893959999084473e+00
-6.113681197166442871e-01
1.962063789367675781e+00
-4.123297691345214844e+00
-1.199564337730407715e+00
9.991169571876525879e-01
3.710051298141479492e+00
3.243903160095214844e+00
3.032185137271881104e-01
-3.578332901000976562e+00
-7.317854881286621094e+00
2.662857055664062500e+00
-1.230880856513977051e+00
-6.788873076438903809e-01
-4.858780384063720703e+00
3.522901773452758789e+00
6.069135189056396484e+00
-2.264217615127563477e+00
3.106576442718505859e+00
9.867419242858886719e+00
-3.535624265670776367e+00
1.502096533775329590e+00
9.824551582336425781e+00
2.047947168350219727e+00
-2.503035068511962891e+00
-1.652194261550903320e+00
-4.406589984893798828e+00
-1.569957375526428223e+00
-7.903479099273681641e+00
2.741360187530517578e+00
-6.159779071807861328e+00
-1.629883170127868652e+00
-4.570655822753906250e+00
7.047722816467285156e+00
-2.528412103652954102e+00
-3.265451669692993164e+00
-9.607952833175659180e-01
9.641358852386474609e-01
4.627263545989990234e-01
6.454186916351318359e+00
-1.911125421524047852e+00
-3.785729169845581055e+00
3.493555545806884766e+00
2.504739284515380859e+00
3.661955356597900391e+00
-2.149136811494827271e-01
8.579448699951171875e+00
-4.054530143737792969e+00
-5.304766178131103516e+00
-6.312057018280029297e+00
-5.496185302734375000e+00
-2.731844902038574219e+00
9.503332138061523438e+00
5.563835144042968750e+00
5.979401111602783203e+00
-3.543701410293579102e+00
4.182208538055419922e+00
6.390720009803771973e-01
-3.938981056213378906e+00
-4.279731750488281250e+00
5.062637329101562500e+00
-1.939585208892822266e-01
2.646808028221130371e-01
-8.294631958007812500e+00
1.906160354614257812e+00
-2.022606372833251953e+00
3.787876129150390625e+00
2.582231283187866211e+00
-7.235485315322875977e-01
1.235535240173339844e+01
-2.824070453643798828e+00
-2.408753871917724609e+00
-2.172612905502319336e+00
-2.412734925746917725e-01
3.556801080703735352e+00
-1.221246004104614258e+00
-3.574338674545288086e+00
1.602545529603958130e-01
-3.238288640975952148e+00
-3.955047845840454102e+00
6.535443067550659180e-01
1.103665590286254883e+00
3.550997972488403320e+00
-4.703790843486785889e-01
1.496501803398132324e+00
-8.400657176971435547e-01
-1.450917482376098633e+00
-1.226406812667846680e+00
1.061331391334533691e+00
2.385862588882446289e+00
-9.604073166847229004e-01
-1.193732142448425293e+00
2.372614145278930664e+00
8.418638259172439575e-02
-5.519554018974304199e-01
4.280589520931243896e-02
3.904074907302856445e+00
3.621131420135498047e+00
-2.384313106536865234e+00
-2.661110877990722656e+00
-3.619482278823852539e+00
-2.657990932464599609e+00
1.798238396644592285e+00
-3.745154380798339844e+00
1.815479516983032227e+00
-1.782374382019042969e+00
-4.446671485900878906e+00
-2.626064419746398926e-01
2.352387905120849609e+00
1.858744740486145020e+00
1.397763133049011230e+00
9.303607344627380371e-01
6.169657230377197266e+00
1.163720369338989258e+00
-2.997508943080902100e-01
-1.435472249984741211e+00
1.158104538917541504e+00
2.078267574310302734e+00
4.900714397430419922e+00
-2.805979967117309570e+00
-1.431745886802673340e+00
-5.790197849273681641e-01
-4.449709892272949219e+00
-1.364759206771850586e+00
-3.648457765579223633e+00
2.216538190841674805e+00
2.563447713851928711e+00
-2.400696516036987305e+00
-5.268427133560180664e-01
-7.627232372760772705e-02
1.513889074325561523e+00
-3.582783222198486328e+00
1.180598616600036621e+00
9.721983224153518677e-02
1.985368132591247559e+00
3.439935207366943359e+00
-4.475165605545043945e-01
-4.099399089813232422e+00
-6.827982425689697266e+00
8.509079217910766602e-01
3.567703664302825928e-01
-9.399481862783432007e-02
-4.434898376464843750e+00
2.221532344818115234e+00
3.434470653533935547e+00
7.532768845558166504e-01
3.607278823852539062e+00
9.892078399658203125e+00
-3.927843570709228516e+00
2.114047765731811523e+00
6.273016929626464844e+00
-7.515766024589538574e-01
-2.880354404449462891e+00
-9.956197142601013184e-01
-4.914610385894775391e+00
1.412344574928283691e+00
-3.655057668685913086e+00
2.825536429882049561e-01
-4.708078861236572266e+00
7.731148600578308105e-01
-3.584738969802856445e+00
4.220728397369384766e+00
-1.497444957494735718e-01
-2.514314889907836914e+00
-2.854199707508087158e-01
1.225063562393188477e+00
-2.188380718231201172e+00
3.342185497283935547e+00
-1.560993075370788574e+00
-3.040356636047363281e-01
1.418492674827575684e+00
3.775679767131805420e-01
4.705503463745117188e+00
-1.205395102500915527e+00
5.561255455017089844e+00
-2.213503122329711914e+00
-5.120950222015380859e+00
-7.298580646514892578e+00
-4.207453250885009766e+00
-2.909481823444366455e-01
7.830801010131835938e+00
5.479895114898681641e+00
9.511106610298156738e-01
-2.196668148040771484e+00
3.469738245010375977e+00
-3.299444913864135742e-01
-2.268231153488159180e+00
-4.650691032409667969e+00
3.988321781158447266e+00
-1.940536618232727051e+00
-4.263683795928955078e+00
-3.818557024002075195e+00
2.209078788757324219e+00
5.878607034683227539e-01
9.737249612808227539e-01
-1.428183913230895996e-01
-1.459595680236816406e+00
7.787550926208496094e+00
-2.454456090927124023e+00
-3.616841435432434082e-01
-2.487741857767105103e-01
-1.536753296852111816e+00
2.645986557006835938e+00
-1.376550316810607910e+00
-1.823387622833251953e+00
1.539020419120788574e+00
-1.261409521102905273e+00
-4.168883800506591797e+00
4.237232685089111328e+00
2.383005470037460327e-01
-3.770602643489837646e-01
1.037877440452575684e+00
3.488351821899414062e+00
-5.117015838623046875e-01
-1.830184936523437500e+00
-1.732616424560546875e+00
5.648944973945617676e-01
8.948683142662048340e-01
-2.296252012252807617e+00
-1.250316143035888672e+00
1.909486413002014160e+00
4.080524444580078125e+00
-1.165962815284729004e+00
2.079426765441894531e+00
2.132314920425415039e+00
7.721136212348937988e-01
-3.599544242024421692e-02
-2.049057006835937500e+00
-5.261181354522705078e+00
-2.961885690689086914e+00
1.373743891716003418e+00
-5.058156967163085938e+00
2.745614290237426758e+00
-3.051863908767700195e+00
-5.672116279602050781e+00
-8.946474790573120117e-01
1.826555490493774414e+00
-1.937511801719665527e+00
3.859200000762939453e+00
-1.134977340698242188e+00
4.049760341644287109e+00
-8.778296113014221191e-01
1.091059923171997070e+00
-1.424650907516479492e+00
-9.603064060211181641e-01
3.015237808227539062e+00
2.827424526214599609e+00
-1.228103041648864746e+00
-7.614802718162536621e-01
-1.704924464225769043e+00
-1.103836894035339355e+00
2.782644271850585938e+00
-1.019965767860412598e+00
2.022348880767822266e+00
1.174091100692749023e+00
-7.064930200576782227e-01
8.033035993576049805e-01
-1.405766466632485390e-03
3.056745529174804688e+00
-5.187871932983398438e+00
-1.369358420372009277e+00
-1.129845142364501953e+00
2.134945869445800781e+00
2.595898151397705078e+00
-3.198371827602386475e-01
-3.797250270843505859e+00
-4.039494991302490234e+00
2.014907360076904297e+00
6.938879489898681641e-01
-6.148377656936645508e-01
-4.408989906311035156e+00
1.663383007049560547e+00
4.442105770111083984e+00
-1.407123804092407227e+00
3.401427268981933594e+00
9.982621192932128906e+00
-2.288053274154663086e+00
1.739005684852600098e+00
1.077691936492919922e+01
-6.155102252960205078e-01
-4.469595432281494141e+00
1.446864604949951172e+00
-2.382447481155395508e+00
5.806201100349426270e-01
-2.024677991867065430e+00
-1.015202403068542480e+00
-1.927408725023269653e-01
-2.293811321258544922e+00
9.386320710182189941e-01
-3.593793630599975586e+00
-7.436126470565795898e-01
-3.454999208450317383e+00
9.607959538698196411e-02
-1.489593684673309326e-01
1.385913133621215820e+00
-2.021531201899051666e-02
-1.867270708084106445e+00
2.101902008056640625e+00
-3.729431927204132080e-01
5.071078777313232422e+00
9.078222274780273438e+00
-3.180814981460571289e+00
5.016824245452880859e+00
-3.763605058193206787e-01
-3.959560632705688477e+00
-8.814245223999023438e+00
1.705225586891174316e+00
9.884792566299438477e-01
3.980531930923461914e+00
3.554121017456054688e+00
-1.540232062339782715e+00
-3.248405218124389648e+00
1.392637372016906738e+00
2.472031593322753906e+00
-4.077563881874084473e-01
-3.916363477706909180e+00
1.276189684867858887e+00
-2.933655977249145508e+00
-4.349519729614257812e+00
-5.172458648681640625e+00
2.960813522338867188e+00
2.112815618515014648e+00
-4.931181907653808594e+00
2.163282394409179688e+00
-2.710284471511840820e+00
4.720941543579101562e+00
5.070209503173828125e-01
1.456370234489440918e+00
4.269438743591308594e+00
-3.294290065765380859e+00
-1.418346762657165527e+00
-5.698605179786682129e-01
-2.208054304122924805e+00
4.983798503875732422e+00
-2.552948951721191406e+00
-5.279709339141845703e+00
5.811837315559387207e-01
-2.672440528869628906e+00
-3.177170276641845703e+00
-4.980763792991638184e-01
4.913043498992919922e+00
2.766459941864013672e+00
-3.258645534515380859e+00
-5.112876892089843750e-01
7.690412402153015137e-01
-3.369379997253417969e+00
1.066421866416931152e+00
-4.948049068450927734e+00
-3.032275199890136719e+00
4.645604610443115234e+00
1.733066558837890625e+00
3.796644210815429688e+00
2.434112578630447388e-01
4.113552868366241455e-01
-4.874457120895385742e-01
-3.475922584533691406e+00
-5.566693782806396484e+00
-6.385934948921203613e-01
-9.709846973419189453e-01
-5.489146232604980469e+00
7.535088062286376953e-01
-2.627883911132812500e+00
-3.309132575988769531e+00
-1.391930818557739258e+00
1.326663613319396973e+00
-1.361308574676513672e+00
5.082178115844726562e-01
1.647617816925048828e+00
3.600613117218017578e+00
9.872472882270812988e-01
1.987854003906250000e+00
-1.773362636566162109e+00
-3.559186309576034546e-02
3.268323421478271484e+00
5.438892245292663574e-01
-1.831542611122131348e+00
1.548124432563781738e+00
1.187383294105529785e+00
-1.294199079275131226e-01
9.226291179656982422e-01
-3.102416038513183594e+00
9.604877233505249023e-01
-6.612645983695983887e-01
2.890952825546264648e+00
1.318030953407287598e-01
-9.217362999916076660e-01
1.513791561126708984e+00
-5.612626552581787109e+00
-1.391800045967102051e+00
-1.765058279037475586e+00
2.796983957290649414e+00
8.806030750274658203e-01
-1.043464899063110352e+00
-3.560750722885131836e+00
-3.364789962768554688e+00
-6.017478704452514648e-01
8.967068791389465332e-01
1.558987975120544434e+00
-4.910480499267578125e+00
-6.911515593528747559e-01
5.321100950241088867e-01
-1.177522063255310059e+00
2.916795969009399414e+00
5.952424049377441406e+00
-2.112907320261001587e-01
2.186913728713989258e+00
1.515468215942382812e+01
-1.324444890022277832e+00
-3.441078901290893555e+00
1.396136879920959473e+00
-3.601512670516967773e+00
1.051850795745849609e+00
-1.080720305442810059e+00
-1.256756544113159180e+00
9.164505004882812500e-01
-2.141611814498901367e+00
1.857119917869567871e+00
-8.830772399902343750e+00
-1.885647058486938477e+00
-3.384747266769409180e+00
6.608988046646118164e-01
-2.289942026138305664e+00
-7.256419956684112549e-02
-4.368596076965332031e-01
-7.399024367332458496e-01
1.083764314651489258e+00
1.121663451194763184e+00
3.387078046798706055e+00
7.013872623443603516e+00
-3.165897846221923828e+00
4.855804443359375000e+00
2.946946620941162109e+00
-9.105893969535827637e-01
-5.095588207244873047e+00
1.800315737724304199e+00
4.297585189342498779e-01
-1.176036119461059570e+00
2.319499969482421875e+00
-1.411370754241943359e+00
-1.840630650520324707e+00
-8.420640826225280762e-01
1.958792686462402344e+00
-9.605400562286376953e-01
-1.188503265380859375e+00
9.435456395149230957e-01
-2.351227045059204102e+00
-3.308965206146240234e+00
-3.851804733276367188e+00
4.885102212429046631e-01
1.943348050117492676e+00
-6.744756698608398438e+00
-3.598717451095581055e-01
5.993763208389282227e-01
3.983185768127441406e+00
-6.933981180191040039e-01
1.011370539665222168e+00
6.389778614044189453e+00
-1.550538659095764160e+00
3.754796832799911499e-02
-1.670889377593994141e+00
-7.704415917396545410e-01
1.663255929946899414e+00
-3.680514097213745117e+00
-3.776733875274658203e+00
3.604810684919357300e-02
-1.494513392448425293e+00
-3.443014144897460938e+00
-1.683465242385864258e+00
3.940094470977783203e+00
2.067802429199218750e+00
-4.492065906524658203e+00
-9.533869624137878418e-01
1.284374594688415527e+00
-2.877208471298217773e+00
1.150429725646972656e+00
-3.714764356613159180e+00
-3.118435621261596680e+00
2.251172542572021484e+00
3.500556230545043945e+00
3.580102205276489258e+00
6.224629282951354980e-01
5.403618216514587402e-01
-4.283470809459686279e-01
-1.238444089889526367e+00
-2.695639133453369141e+00
-7.785344868898391724e-02
-1.606189370155334473e+00
-8.273845672607421875e+00
-1.181422114372253418e+00
-1.542356491088867188e+00
-1.982041716575622559e+00
-2.038665711879730225e-01
6.038289144635200500e-02
-1.392847895622253418e+00
-5.484112501144409180e-01
3.150552272796630859e+00
2.380504608154296875e+00
-9.730154275894165039e-02
1.786428093910217285e+00
-1.209796667098999023e+00
1.049645781517028809e+00
3.376132011413574219e+00
-1.254587918519973755e-01
-7.189558148384094238e-01
2.314349174499511719e+00
7.545425742864608765e-02
4.015304520726203918e-02
1.927150726318359375e+00
-2.207656383514404297e+00
6.557196378707885742e-01
6.375620514154434204e-02
3.675581455230712891e+00
1.281807422637939453e-01
3.030398190021514893e-01
1.606758475303649902e+00
-5.031748294830322266e+00
-2.327291011810302734e+00
-1.082923531532287598e+00
3.422340869903564453e+00
1.019960921257734299e-02
1.002600669860839844e+00
-2.127440929412841797e+00
-1.128907918930053711e+00
-6.333027482032775879e-01
1.419829368591308594e+00
1.155085802078247070e+00
-2.664802551269531250e+00
-1.378269195556640625e+00
4.568609297275543213e-01
7.687236666679382324e-01
-3.673846423625946045e-01
1.614918470382690430e+00
-1.756132096052169800e-01
1.898536682128906250e+00
1.186659336090087891e+01
2.362558841705322266e+00
-2.315011024475097656e+00
2.478807926177978516e+00
-1.229098677635192871e+00
-2.097404003143310547e+00
-2.638019800186157227e+00
1.848893016576766968e-01
1.169713139533996582e+00
-4.930955410003662109e+00
-1.345983982086181641e+00
-2.772997856140136719e+00
-1.397139668464660645e+00
-3.359745264053344727e+00
-1.587723374366760254e+00
-3.264043331146240234e+00
-1.105105876922607422e+00
4.439109802246093750e+00
-2.545870304107666016e+00
3.527018427848815918e-01
8.369755744934082031e-02
3.478584766387939453e+00
8.859273910522460938e+00
-1.476900219917297363e+00
7.948696613311767578e+00
-1.174017310142517090e+00
7.098352313041687012e-01
-6.806251049041748047e+00
-2.653929948806762695e+00
-1.491686820983886719e+00
2.285048484802246094e+00
1.143070340156555176e+00
-7.603666782379150391e-01
1.438337087631225586e+00
-7.365855574607849121e-01
-2.392152786254882812e+00
-2.617850303649902344e+00
-3.814555406570434570e+00
1.241257190704345703e+00
-1.238182067871093750e+00
-1.345738410949707031e+00
-4.901959896087646484e+00
8.367285728454589844e-01
-1.502338051795959473e+00
-3.291075944900512695e+00
-2.105213403701782227e-01
1.420956969261169434e+00
1.025347042083740234e+01
1.365012377500534058e-01
1.906926780939102173e-01
4.954647541046142578e+00
-4.179704666137695312e+00
-4.766131937503814697e-01
-2.413658618927001953e+00
-1.615760922431945801e+00
1.976933002471923828e+00
-2.940884351730346680e+00
-4.447498321533203125e+00
-2.309762239456176758e+00
-1.037028551101684570e+00
-3.252334147691726685e-02
-3.448169827461242676e-01
3.840633153915405273e+00
1.076860308647155762e+00
-3.179129362106323242e+00
-2.040222644805908203e+00
3.649742901325225830e-01
-2.984463453292846680e+00
-7.647591233253479004e-01
-3.727625608444213867e-01
-8.623847365379333496e-01
2.681213855743408203e+00
-3.813516199588775635e-01
2.228714942932128906e+00
1.911513090133666992e+00
2.527935028076171875e+00
-6.966087818145751953e-01
-1.930297017097473145e+00
-2.957873821258544922e+00
-2.358180999755859375e+00
-2.008011788129806519e-01
-7.491549015045166016e+00
8.334755897521972656e-01
7.966000437736511230e-01
-1.170196652412414551e+00
-2.411074876785278320e+00
1.133430600166320801e+00
2.484368830919265747e-01
1.564728498458862305e+00
4.394495487213134766e+00
3.361426830291748047e+00
5.035274028778076172e-01
1.640719175338745117e+00
-2.050805091857910156e+00
-2.245763540267944336e-01
1.569213747978210449e+00
5.545102357864379883e-01
-4.156866073608398438e+00
-1.539651751518249512e+00
7.271146774291992188e-01
-1.258785128593444824e-01
-1.495373487472534180e+00
-2.027490615844726562e+00
9.466361403465270996e-01
-2.879406511783599854e-01
3.691807508468627930e+00
-7.052372097969055176e-01
-9.970779418945312500e-01
1.527306437492370605e+00
-4.400473117828369141e+00
2.671776413917541504e-01
1.991227120161056519e-01
1.537504911422729492e+00
-2.932035364210605621e-02
4.324780106544494629e-01
-3.823706626892089844e+00
-2.107012271881103516e+00
-5.399649143218994141e-01
4.161919653415679932e-01
1.220479249954223633e+00
-2.591746807098388672e+00
-6.751525402069091797e-01
4.133479297161102295e-02
2.890101671218872070e-01
5.330215692520141602e-01
5.279337406158447266e+00
3.275869190692901611e-01
1.284301519393920898e+00
7.024167537689208984e+00
8.174746632575988770e-01
-3.749993562698364258e+00
1.476698637008666992e+00
-1.551805615425109863e+00
-1.131149649620056152e+00
-3.965684890747070312e+00
2.364015102386474609e+00
-3.773420810699462891e+00
-1.881089329719543457e+00
-3.735480070114135742e+00
6.666173934936523438e+00
1.691659986972808838e-01
-4.407653331756591797e+00
-2.249795436859130859e+00
-3.428315401077270508e+00
-1.718435287475585938e-01
3.113996028900146484e+00
-6.446668505668640137e-01
1.150709986686706543e+00
3.121823072433471680e+00
9.967191219329833984e-01
7.992590427398681641e+00
-2.401970863342285156e+00
6.117296218872070312e+00
-2.892089843750000000e+00
-5.590657711029052734e+00
-9.615335464477539062e+00
-3.939635038375854492e+00
-1.307194113731384277e+00
7.227649688720703125e+00
3.057181358337402344e+00
3.364834547042846680e+00
-1.011157751083374023e+00
4.844376564025878906e+00
-5.171722769737243652e-01
4.375800192356109619e-01
-7.792447090148925781e+00
7.240962028503417969e+00
-7.835211157798767090e-01
-3.993684530258178711e+00
-3.201239824295043945e+00
3.131656169891357422e+00
1.758526802062988281e+00
1.056192636489868164e+00
2.354081392288208008e+00
8.397969603538513184e-01
1.374248218536376953e+01
2.661334574222564697e-01
-4.408444166183471680e-01
2.945894956588745117e+00
-3.265489816665649414e+00
3.360953807830810547e+00
-5.563655853271484375e+00
-4.007534503936767578e+00
1.941707253456115723e+00
-2.418445825576782227e+00
-4.013134479522705078e+00
1.015817523002624512e+00
6.247279047966003418e-01
2.999946594238281250e+00
1.417140603065490723e+00
4.605775833129882812e+00
2.402829170227050781e+00
-1.893131256103515625e+00
1.211169004440307617e+00
3.165700435638427734e+00
-2.700157463550567627e-01
-2.346787452697753906e+00
4.121119379997253418e-01
7.829506993293762207e-01
2.340271234512329102e+00
6.549531221389770508e-01
3.731538355350494385e-01
3.837059736251831055e+00
4.567737102508544922e+00
-7.829080224037170410e-01
-1.033074736595153809e+00
-4.475661754608154297e+00
-4.069296360015869141e+00
-1.701414346694946289e+00
-6.153300285339355469e+00
1.417292594909667969e+00
1.016048435121774673e-02
-1.562184095382690430e+00
-3.560068607330322266e+00
-9.188615679740905762e-01
3.066661596298217773e+00
2.821251153945922852e+00
-1.029736042022705078e+00
3.831849813461303711e+00
-2.370537757873535156e+00
-1.040059849619865417e-01
-4.767236113548278809e-02
3.825041353702545166e-01
3.309070587158203125e+00
9.223425388336181641e-01
-3.531003236770629883e+00
-2.303921937942504883e+00
-5.031725764274597168e-01
-7.498605847358703613e-01
-2.040262669324874878e-01
-2.542772293090820312e+00
2.626490354537963867e+00
2.967956542968750000e+00
-1.823047250509262085e-01
1.418920040130615234e+00
-2.362787723541259766e+00
3.788634777069091797e+00
-4.306059360504150391e+00
-1.261032074689865112e-01
-1.358151674270629883e+00
5.066664695739746094e+00
1.690344214439392090e+00
1.262147545814514160e+00
-2.001197576522827148e+00
-4.837896347045898438e+00
-9.925826191902160645e-01
-6.743419170379638672e-01
-1.564440846443176270e+00
-3.257919073104858398e+00
2.385508775711059570e+00
3.703618526458740234e+00
-2.035101175308227539e+00
1.214472651481628418e+00
1.096126747131347656e+01
-1.954064607620239258e+00
4.861920356750488281e+00
4.251893043518066406e+00
5.859102606773376465e-01
-3.485350608825683594e+00
1.009032368659973145e+00
-2.552299976348876953e+00
-1.738675594329833984e+00
-4.671335697174072266e+00
8.390868306159973145e-01
-7.318580627441406250e+00
9.808849692344665527e-01
-3.287157773971557617e+00
1.070797157287597656e+01
-1.120369553565979004e+00
-3.074933528900146484e+00
-7.719824314117431641e-01
-1.516231894493103027e+00
-6.166181564331054688e-01
2.505556821823120117e+00
7.868630439043045044e-02
3.396005928516387939e-01
2.562846899032592773e+00
1.798190832138061523e+00
5.078701496124267578e+00
-1.749748706817626953e+00
6.185020446777343750e+00
-6.126663088798522949e-02
-3.645339727401733398e+00
-6.015082359313964844e+00
-2.340407848358154297e+00
1.819403022527694702e-01
9.425570487976074219e+00
4.549106597900390625e+00
2.153071403503417969e+00
-1.002236008644104004e+00
2.050133228302001953e+00
6.350595355033874512e-01
-2.091979026794433594e+00
-5.684261798858642578e+00
5.098479747772216797e+00
7.661157846450805664e-01
-4.993904590606689453e+00
-3.753158092498779297e+00
1.866430163383483887e+00
2.223781347274780273e+00
-7.878552079200744629e-01
1.831572175025939941e+00
1.534913182258605957e+00
1.378842735290527344e+01
8.155662566423416138e-02
-1.379878878593444824e+00
1.332368969917297363e+00
-1.816803812980651855e+00
8.005712628364562988e-01
-2.935514688491821289e+00
-1.165540575981140137e+00
1.475257992744445801e+00
-1.486063361167907715e+00
-1.807851910591125488e+00
1.874603390693664551e+00
2.000582218170166016e+00
1.293269395828247070e+00
-2.326657474040985107e-01
3.787221193313598633e+00
5.124876499176025391e-01
-2.310937881469726562e+00
-1.916459560394287109e+00
2.851424694061279297e+00
8.509943485260009766e-01
5.125234127044677734e-01
1.896780729293823242e+00
-6.037424802780151367e-01
4.186274051666259766e+00
2.567853689193725586e+00
-3.619630932807922363e-01
3.709546566009521484e+00
2.246089935302734375e+00
1.429001450538635254e+00
-1.112539768218994141e+00
-4.132211685180664062e+00
-2.048058032989501953e+00
-1.078078031539916992e+00
-6.142562866210937500e+00
2.129335641860961914e+00
-2.145675182342529297e+00
-4.377507209777832031e+00
2.431475520133972168e-01
7.389724850654602051e-01
8.706021308898925781e-01
1.649276256561279297e+00
-8.664457201957702637e-01
3.670054435729980469e+00
-2.940609455108642578e+00
-1.615744948387145996e+00
3.068522550165653229e-02
7.808550000190734863e-01
4.175248622894287109e+00
-1.424187421798706055e-01
-3.575274705886840820e+00
1.452405333518981934e+00
-3.171481192111968994e-01
-2.254551649093627930e+00
-3.517856299877166748e-01
-4.300426006317138672e+00
2.192224740982055664e+00
1.969964206218719482e-01
-1.959446668624877930e-01
2.172889709472656250e+00
-6.998410224914550781e-01
2.560444355010986328e+00
-2.832897901535034180e+00
-2.219391107559204102e+00
-1.167584896087646484e+00
3.842731714248657227e+00
1.661110758781433105e+00
-1.917744994163513184e+00
-1.915708541870117188e+00
-5.798668861389160156e+00
2.452093601226806641e+00
5.609086155891418457e-01
-3.239607065916061401e-02
-3.641240596771240234e+00
1.374264597892761230e+00
2.723947525024414062e+00
-1.863167047500610352e+00
2.209011077880859375e+00
1.147784423828125000e+01
-6.636522412300109863e-01
3.363435983657836914e+00
5.098066806793212891e+00
-9.867814779281616211e-01
-1.753815889358520508e+00
9.268254041671752930e-03
-1.759341359138488770e+00
6.470519304275512695e-01
-3.753631353378295898e+00
3.020241856575012207e-01
-5.784244060516357422e+00
-2.923994660377502441e-01
-3.248253583908081055e+00
9.717000961303710938e+00
-1.447130322456359863e+00
-2.729415416717529297e+00
-1.449493765830993652e-01
-1.493331789970397949e+00
1.112992286682128906e+00
3.525291204452514648e+00
-4.421595036983489990e-01
8.503751754760742188e-01
4.523224830627441406e-01
2.238967895507812500e+00
4.638805389404296875e+00
-1.447541862726211548e-01
5.900284767150878906e+00
-7.463752627372741699e-01
-4.910341262817382812e+00
-5.314013004302978516e+00
-2.166665554046630859e+00
3.289674520492553711e-01
1.005571174621582031e+01
2.765192985534667969e+00
2.994832277297973633e+00
-3.175709724426269531e+00
2.588601827621459961e+00
4.930587112903594971e-01
-2.230279684066772461e+00
-3.759192228317260742e+00
1.857945442199707031e+00
2.962845802307128906e+00
-2.407381772994995117e+00
-5.482249736785888672e+00
1.528009414672851562e+00
1.900365591049194336e+00
1.896494813263416290e-02
2.630791068077087402e-01
2.025170803070068359e+00
1.505973911285400391e+01
3.371401131153106689e-01
-4.766112565994262695e-01
1.941726565361022949e+00
-2.765578508377075195e+00
7.326661944389343262e-01
-2.349617719650268555e+00
-5.884072184562683105e-01
1.008708596229553223e+00
-9.080146998167037964e-02
-2.691111087799072266e+00
1.277449250221252441e+00
2.240689098834991455e-01
1.651090264320373535e+00
-7.813763618469238281e-01
2.267990350723266602e+00
-1.430834650993347168e+00
-3.014146566390991211e+00
-1.948845744132995605e+00
1.801096349954605103e-01
-8.170409798622131348e-01
7.777043431997299194e-02
1.619833111763000488e+00
1.312952339649200439e-01
3.940893173217773438e+00
3.080500364303588867e+00
2.119752407073974609e+00
1.573581218719482422e+00
3.446755647659301758e+00
1.268024802207946777e+00
-4.142308235168457031e-01
-4.725444793701171875e+00
-1.465583205223083496e+00
5.258763432502746582e-01
-5.015717506408691406e+00
3.119939088821411133e+00
-6.005678176879882812e-01
-2.726597309112548828e+00
6.234692931175231934e-01
-1.321254670619964600e-01
-2.029800713062286377e-01
1.633963823318481445e+00
6.595671772956848145e-01
5.642848491668701172e+00
-1.285903334617614746e+00
-7.493593096733093262e-01
3.733609914779663086e-01
1.860999703407287598e+00
4.435005187988281250e+00
-1.066146850585937500e+00
-3.085672855377197266e+00
-3.928274381905794144e-03
-1.305398464202880859e+00
3.550718426704406738e-01
7.301224470138549805e-01
-2.437406539916992188e+00
2.856535196304321289e+00
1.434992313385009766e+00
-1.503067851066589355e+00
-3.025426566600799561e-01
-7.583903074264526367e-01
1.856648206710815430e+00
-2.939421415328979492e+00
-2.108881950378417969e+00
-9.624604582786560059e-01
3.075813293457031250e+00
7.138105630874633789e-01
-8.768181800842285156e-01
-2.400719881057739258e+00
-6.742617607116699219e+00
1.123906135559082031e+00
5.044787749648094177e-02
-5.499506592750549316e-01
-3.041636228561401367e+00
2.043605566024780273e+00
1.394472122192382812e+00
5.546663999557495117e-01
1.539310216903686523e+00
1.152683830261230469e+01
-2.258479118347167969e+00
3.719992876052856445e+00
6.396562099456787109e+00
-1.813248634338378906e+00
-1.511962413787841797e+00
1.117578148841857910e+00
-3.972606182098388672e+00
1.447519421577453613e+00
-2.109234333038330078e+00
1.647963523864746094e+00
-9.708686828613281250e+00
5.487240552902221680e-01
-5.207123279571533203e+00
1.371302032470703125e+01
-1.547625422477722168e+00
-2.640341043472290039e+00
9.375250339508056641e-01
1.876573801040649414e+00
2.558691263198852539e+00
2.080222845077514648e+00
-2.338881492614746094e+00
-5.186628699302673340e-01
2.398187875747680664e+00
1.828817963600158691e+00
3.343677759170532227e+00
-2.076184153556823730e-01
7.078667640686035156e+00
-3.684316635131835938e+00
-5.784714698791503906e+00
-5.800104618072509766e+00
-1.180462002754211426e+00
9.589053988456726074e-01
1.176225090026855469e+01
3.000121831893920898e+00
2.754668951034545898e+00
-9.457620978355407715e-01
2.691264152526855469e+00
5.598382353782653809e-01
-1.777540087699890137e+00
-4.152103900909423828e+00
6.040810108184814453e+00
2.433027505874633789e+00
-2.142057180404663086e+00
-5.964615345001220703e+00
5.757870674133300781e+00
3.670778572559356689e-01
3.992826938629150391e-01
3.255738019943237305e+00
2.674213647842407227e-01
1.570532131195068359e+01
-8.927713036537170410e-01
-4.913169443607330322e-01
1.939793348312377930e+00
-2.176717758178710938e+00
7.404311746358871460e-02
-3.505497932434082031e+00
-2.701756238937377930e+00
1.433349013328552246e+00
2.578676462173461914e+00
-3.158893585205078125e+00
3.230191230773925781e+00
2.394734144210815430e+00
1.379068255424499512e+00
2.831148207187652588e-01
2.095081090927124023e+00
1.370075583457946777e+00
-1.646309733390808105e+00
-1.548379063606262207e+00
3.695793151855468750e+00
-8.768873214721679688e-01
4.746722057461738586e-02
1.529507637023925781e+00
8.343976140022277832e-01
3.756990671157836914e+00
2.916435003280639648e+00
1.798667550086975098e+00
4.140852689743041992e-01
5.366131782531738281e+00
5.211250782012939453e-01
-5.220131576061248779e-02
-6.587997436523437500e+00
-1.852659940719604492e+00
-2.956474304199218750e+00
-4.734492778778076172e+00
3.315091848373413086e+00
6.719781160354614258e-01
-3.835167407989501953e+00
6.536002159118652344e-01
6.317930221557617188e-01
-2.076854228973388672e+00
2.019041061401367188e+00
-8.812645077705383301e-01
3.810526609420776367e+00
-9.349077939987182617e-01
-8.924689292907714844e-01
-6.817664504051208496e-01
5.637816429138183594e+00
5.133859634399414062e+00
-8.332830071449279785e-01
-2.918571949005126953e+00
1.570666551589965820e+00
8.858640491962432861e-02
-7.719093561172485352e-01
1.847748994827270508e+00
-4.087648868560791016e+00
4.416910171508789062e+00
-7.317680120468139648e-01
-8.384618163108825684e-02
6.237139701843261719e-01
9.892416596412658691e-01
1.154340744018554688e+00
-3.894210577011108398e+00
-3.346780061721801758e+00
-1.747615933418273926e+00
5.218102931976318359e+00
1.505639553070068359e-01
-1.797196865081787109e-01
-3.612597465515136719e+00
-8.061308860778808594e+00
6.188981533050537109e-01
-4.815261960029602051e-01
-1.579200625419616699e-01
-1.252354145050048828e+00
1.297528982162475586e+00
2.399133443832397461e+00
-8.323351740837097168e-01
1.955977201461791992e+00
1.554273986816406250e+01
-2.627124786376953125e+00
5.271756649017333984e+00
5.677069187164306641e+00
-2.159714460372924805e+00
-1.644593000411987305e+00
4.532300233840942383e-01
-3.094969987869262695e+00
7.850992679595947266e-01
-2.751944780349731445e+00
2.709333896636962891e+00
-7.767633914947509766e+00
-4.462934732437133789e-01
-5.146737575531005859e+00
1.295536518096923828e+01
-1.491553544998168945e+00
-3.355669260025024414e+00
-3.446116447448730469e-01
2.480841636657714844e+00
2.097906917333602905e-01
5.057837486267089844e+00
-1.710436701774597168e+00
-1.327889442443847656e+00
2.250599622726440430e+00
2.264398336410522461e+00
4.844241619110107422e+00
-8.411369919776916504e-01
5.339111804962158203e+00
-3.176806211471557617e+00
-5.242986679077148438e+00
-8.384268760681152344e+00
-2.776656389236450195e+00
-1.395816564559936523e+00
1.133847045898437500e+01
4.506538867950439453e+00
4.023858070373535156e+00
-1.500215888023376465e+00
2.638635635375976562e+00
-4.557539522647857666e-01
-3.091768741607666016e+00
-6.568546772003173828e+00
6.501799106597900391e+00
1.575581908226013184e+00
-1.109126567840576172e+00
-4.680473327636718750e+00
4.824437141418457031e+00
-2.673052847385406494e-01
3.989778757095336914e+00
2.880338668823242188e+00
-4.659840166568756104e-01
1.607811164855957031e+01
-1.693702697753906250e+00
-3.744790315628051758e+00
1.172305703163146973e+00
-2.947343111038208008e+00
1.550396561622619629e+00
-2.587058305740356445e+00
-4.278156757354736328e+00
2.260872364044189453e+00
-1.323328971862792969e+00
-3.274832725524902344e+00
2.446596145629882812e+00
3.113069772720336914e+00
3.662512063980102539e+00
1.561805725097656250e+00
1.853289723396301270e+00
-3.132345974445343018e-01
-1.228583455085754395e+00
9.916666746139526367e-01
3.699595928192138672e+00
1.345108747482299805e+00
-2.361570358276367188e+00
1.821360111236572266e+00
2.367173194885253906e+00
1.566392064094543457e+00
7.568177580833435059e-02
-8.346628546714782715e-01
1.345710396766662598e+00
4.748564243316650391e+00
-3.212222099304199219e+00
-1.534784555435180664e+00
-6.855485439300537109e+00
-3.188721179962158203e+00
-1.648545026779174805e+00
-4.096107959747314453e+00
3.491185426712036133e+00
-8.565726280212402344e-01
-3.955811738967895508e+00
-1.891363382339477539e+00
-5.101158618927001953e-01
9.366436004638671875e-01
2.262942314147949219e+00
-6.827060580253601074e-01
5.072205066680908203e+00
-2.732664346694946289e+00
-1.668346971273422241e-01
-1.454534173011779785e+00
2.585850238800048828e+00
2.310090780258178711e+00
3.858258724212646484e-01
-3.007332086563110352e+00
-1.113576367497444153e-01
-1.478281170129776001e-01
-2.054367780685424805e+00
1.669508218765258789e+00
-4.329092025756835938e+00
3.484628200531005859e+00
8.584654927253723145e-01
-8.140463232994079590e-01
2.246127605438232422e+00
-1.058760166168212891e+00
1.292119741439819336e+00
-6.081525683403015137e-01
-1.747382044792175293e+00
-6.214856505393981934e-01
4.600875854492187500e+00
2.278083562850952148e+00
7.351576536893844604e-02
-4.887170314788818359e+00
-7.764584541320800781e+00
2.901577204465866089e-02
-6.865023374557495117e-01
2.018862813711166382e-01
-2.087498664855957031e+00
2.457437992095947266e+00
4.004343509674072266e+00
-6.448885202407836914e-01
2.624865770339965820e+00
1.416120052337646484e+01
-2.877728223800659180e+00
4.571246623992919922e+00
3.627814531326293945e+00
-1.695009112358093262e+00
-3.587032318115234375e+00
6.172396242618560791e-02
-4.441967964172363281e+00
1.087977409362792969e+00
-4.171870231628417969e+00
1.953376054763793945e+00
-8.779248237609863281e+00
-3.566186409443616867e-03
-6.070144653320312500e+00
1.687569427490234375e+01
-5.127492547035217285e-01
-3.473696708679199219e+00
-6.100153923034667969e-01
2.806785345077514648e+00
2.302413284778594971e-01
3.695405483245849609e+00
-2.686489343643188477e+00
-8.680609464645385742e-01
1.258075237274169922e-01
3.071587800979614258e+00
3.636043548583984375e+00
2.772786378860473633e+00
5.125257968902587891e+00
1.359838008880615234e+00
-2.156732082366943359e+00
-7.423339843750000000e+00
-4.474483013153076172e+00
-8.387496471405029297e-01
1.426713371276855469e+01
5.414780616760253906e+00
3.127268552780151367e+00
-1.884136915206909180e+00
2.192786931991577148e+00
1.254009842872619629e+00
-1.758766055107116699e+00
-6.812342643737792969e+00
6.463436126708984375e+00
8.041279911994934082e-01
-1.251411437988281250e+00
-5.416946411132812500e+00
3.442994117736816406e+00
-2.731108665466308594e-01
-1.413328766822814941e+00
3.284125328063964844e+00
3.109724521636962891e-01
1.631214141845703125e+01
-7.638260722160339355e-01
-2.948880672454833984e+00
1.244083046913146973e+00
-3.956034898757934570e+00
-1.066348671913146973e+00
-1.055560827255249023e+00
-2.038172960281372070e+00
1.334932327270507812e+00
-1.091973543167114258e+00
-2.188344240188598633e+00
3.081224441528320312e+00
6.105791330337524414e-01
1.767429471015930176e+00
-2.729978859424591064e-01
3.051279544830322266e+00
-1.530776143074035645e+00
-9.913634657859802246e-01
6.583510637283325195e-01
4.479209899902343750e+00
1.993107318878173828e+00
-1.285291552543640137e+00
3.357600927352905273e+00
2.498118162155151367e+00
3.560467720031738281e+00
1.001255393028259277e+00
1.448881268501281738e+00
4.125802993774414062e+00
3.609446525573730469e+00
-1.408716797828674316e+00
-1.977210640907287598e+00
-7.659529209136962891e+00
-2.082506418228149414e+00
1.358905881643295288e-01
-2.250466346740722656e+00
3.691253900527954102e+00
-1.644783735275268555e+00
-7.107358455657958984e+00
-4.217223525047302246e-01
2.212741136550903320e+00
1.525612115859985352e+00
2.377678394317626953e+00
-2.908566951751708984e+00
4.261134624481201172e+00
-7.029218673706054688e+00
-8.090406656265258789e-01
8.207972049713134766e-01
8.261594772338867188e-01
3.025950193405151367e+00
8.126190900802612305e-01
-2.517755508422851562e+00
-2.808207273483276367e-02
-1.430793762207031250e+00
-9.194827824831008911e-02
9.566167593002319336e-01
-3.447503328323364258e+00
8.600057959556579590e-01
8.064572811126708984e-01
-3.261995613574981689e-01
3.397943735122680664e+00
1.980079412460327148e-01
2.433723688125610352e+00
-2.177138090133666992e+00
-1.601531505584716797e+00
-8.119802176952362061e-02
2.637329816818237305e+00
2.883319854736328125e+00
-2.826992750167846680e+00
-3.699787855148315430e+00
-8.109105110168457031e+00
1.802242159843444824e+00
5.020862817764282227e-01
1.273057341575622559e+00
-1.603331208229064941e+00
6.156773567199707031e-01
3.153046846389770508e+00
-2.211827754974365234e+00
3.826991796493530273e+00
1.452904891967773438e+01
-3.833281278610229492e+00
3.320525407791137695e+00
2.467547416687011719e+00
-1.932996511459350586e+00
-3.461344242095947266e+00
-2.200415730476379395e-01
-1.782609820365905762e+00
4.276336193084716797e+00
-1.559637546539306641e+00
4.132122993469238281e+00
-8.051864624023437500e+00
-1.825076103210449219e+00
-3.557359695434570312e+00
1.972243499755859375e+01
-1.474799681454896927e-02
-1.735609889030456543e+00
-2.891479730606079102e+00
1.567757844924926758e+00
1.312914043664932251e-01
2.789597511291503906e+00
-2.155118465423583984e+00
-8.155840039253234863e-01
1.375090241432189941e+00
1.499546647071838379e+00
2.393268346786499023e+00
2.629964590072631836e+00
8.692027091979980469e+00
-1.023586750030517578e+00
-4.612612247467041016e+00
-4.999462127685546875e+00
-2.868881225585937500e+00
2.433329820632934570e+00
1.258332920074462891e+01
3.241290807723999023e+00
1.915889620780944824e+00
-4.899297654628753662e-01
2.370546102523803711e+00
-1.890178322792053223e-01
-2.596773386001586914e+00
-2.223883867263793945e+00
5.313486099243164062e+00
2.143941402435302734e+00
-6.486168503761291504e-01
-7.870242595672607422e+00
3.408492326736450195e+00
1.776659607887268066e+00
-1.223500847816467285e+00
2.440982341766357422e+00
2.534369945526123047e+00
1.728725433349609375e+01
5.761716365814208984e-01
-1.239644408226013184e+00
3.608929812908172607e-01
-1.487811446189880371e+00
-1.985299289226531982e-01
-1.829520106315612793e+00
-2.216280698776245117e+00
-8.837382197380065918e-01
7.990466356277465820e-01
-2.718070507049560547e+00
2.501079082489013672e+00
1.245936036109924316e+00
2.818904638290405273e+00
-9.836522936820983887e-01
4.324537277221679688e+00
1.861349344253540039e-01
7.361765205860137939e-02
-2.596627950668334961e+00
2.796602249145507812e+00
3.392055928707122803e-01
-2.452467679977416992e+00
2.461150646209716797e+00
3.132218122482299805e-02
3.935208797454833984e+00
2.046501874923706055e+00
1.723477721214294434e+00
2.844192028045654297e+00
6.817283630371093750e+00
-3.199605271220207214e-02
4.192648828029632568e-02
-4.685671329498291016e+00
3.241651356220245361e-01
-1.045319080352783203e+00
-2.179456949234008789e+00
2.744078636169433594e+00
5.639827251434326172e-01
-4.832278728485107422e+00
-1.022120833396911621e+00
1.350899219512939453e+00
-2.398377656936645508e-01
-6.662044525146484375e-01
3.403443098068237305e-01
3.420950412750244141e+00
-2.007265329360961914e+00
-7.818231582641601562e-01
-1.119236469268798828e+00
3.812943935394287109e+00
4.762961387634277344e+00
4.526651203632354736e-01
-6.344300746917724609e+00
1.289137601852416992e+00
-1.819568276405334473e+00
-1.124922752380371094e+00
-1.631539106369018555e+00
-9.112544655799865723e-01
4.782569885253906250e+00
1.447573661804199219e+00
1.649415612220764160e+00
1.863756299018859863e+00
-7.819555997848510742e-01
5.526780605316162109e+00
-3.451677560806274414e+00
-2.903266668319702148e+00
-2.859358549118041992e+00
3.801377534866333008e+00
2.488781213760375977e+00
-1.621782541275024414e+00
-4.686848163604736328e+00
-4.627960681915283203e+00
1.406784534454345703e+00
2.674055695533752441e-01
1.793336272239685059e+00
-2.838326454162597656e+00
6.270808577537536621e-01
2.791301488876342773e+00
1.481487393379211426e+00
2.293655395507812500e+00
1.376632213592529297e+01
-1.780208826065063477e+00
2.588825941085815430e+00
-2.645744085311889648e+00
-1.244210243225097656e+00
-3.512097358703613281e+00
-2.329650640487670898e+00
-6.705899834632873535e-01
3.533725023269653320e+00
-2.793596744537353516e+00
-2.111234188079833984e+00
2.844669520854949951e-01
2.867437005043029785e-01
-8.965176939964294434e-01
-9.431303024291992188e+00
-2.004970788955688477e+00
-2.590537309646606445e+00
6.868633627891540527e-01
-1.516504287719726562e+00
-2.978690147399902344e+00
-6.230685114860534668e-01
1.914062798023223877e-01
1.492964625358581543e+00
-2.071188211441040039e+00
-1.848151564598083496e+00
5.822494506835937500e+00
-4.316910743713378906e+00
3.049994230270385742e+00
-2.019896030426025391e+00
-3.377626180648803711e+00
-2.188276290893554688e+00
3.092727065086364746e-01
-2.036546468734741211e+00
1.540608286857604980e+00
6.423364162445068359e+00
-7.431455850601196289e-01
-1.905104756355285645e+00
2.212449073791503906e+00
-3.121343374252319336e+00
-3.600668191909790039e+00
-1.108865737915039062e+00
-8.622672557830810547e-01
1.187960743904113770e+00
-2.425958871841430664e+00
-1.563617706298828125e+00
1.349938035011291504e+00
-3.010027170181274414e+00
2.076908111572265625e+00
-2.220366477966308594e+00
6.226039528846740723e-01
2.598316073417663574e-01
-2.493187189102172852e+00
-1.978906869888305664e+00
1.668100357055664062e+00
-3.312043845653533936e-01
1.224832296371459961e+00
-7.062911987304687500e-01
7.723742127418518066e-01
-4.250540733337402344e-01
4.435676932334899902e-01
1.055712103843688965e+00
5.045889019966125488e-01
-1.334905982017517090e+00
-1.886447370052337646e-01
4.280435085296630859e+00
2.063191413879394531e+00
-1.175686717033386230e+00
-1.443542599678039551e+00
2.212246656417846680e+00
-3.905825376510620117e+00
-1.964256882667541504e+00
1.449308991432189941e+00
-1.317705988883972168e+00
-2.227806448936462402e-01
-1.628109097480773926e+00
-6.801258921623229980e-01
-1.136668443679809570e+00
-5.711956024169921875e-01
1.414145231246948242e+00
-9.480259567499160767e-02
-2.117309808731079102e+00
-1.582420825958251953e+00
1.324319481849670410e+00
1.348441720008850098e+00
-7.358118057250976562e+00
-7.370489835739135742e-02
-6.996905803680419922e-01
1.910302758216857910e+00
1.158462524414062500e+00
-4.984600543975830078e-01
-1.348554611206054688e+00
-9.591831266880035400e-02
4.259140014648437500e+00
2.731466293334960938e+00
3.846060991287231445e+00
1.723550438880920410e+00
-1.785212159156799316e+00
-2.026113986968994141e+00
-7.640271186828613281e-01
8.383378982543945312e-01
-9.839853048324584961e-01
-1.452425241470336914e+00
-2.414987564086914062e+00
-1.348417758941650391e+00
7.666642665863037109e-01
-4.456523060798645020e-02
-5.456983670592308044e-02
-1.172009706497192383e+00
8.526833057403564453e-01
-1.267490148544311523e+00
7.505651712417602539e-01
3.060509264469146729e-01
-2.248065471649169922e-01
2.877034544944763184e-01
7.939979434013366699e-01
1.867243349552154541e-01
-2.145882368087768555e+00
-1.528726518154144287e-01
-3.644040584564208984e+00
1.015540480613708496e+00
1.682498693466186523e+00
-4.875684380531311035e-01
-1.694053411483764648e-01
-4.883280694484710693e-01
1.887863427400588989e-01
2.143709182739257812e+00
-3.701610565185546875e-01
3.711956143379211426e-01
5.310723185539245605e-01
2.029503583908081055e+00
-1.834862351417541504e+00
1.538381385803222656e+01
1.569075822830200195e+00
-1.454995155334472656e+00
1.552821755409240723e+00
-5.371795654296875000e+00
-3.519035577774047852e+00
-4.465051174163818359e+00
-2.995556116104125977e+00
1.921231865882873535e+00
-1.488783836364746094e+00
1.128674983978271484e+00
-1.286346435546875000e+01
-2.707771301269531250e+00
-1.860427498817443848e+00
8.546282537281513214e-03
-3.739193201065063477e+00
-1.650807857513427734e+00
-1.839334726333618164e+00
-1.063556909561157227e+00
-2.509583234786987305e-01
-2.321391582489013672e+00
3.032389283180236816e-01
4.399445056915283203e+00
-3.115717649459838867e+00
2.838533878326416016e+00
1.433107137680053711e+00
2.195845603942871094e+00
-2.053920328617095947e-01
-1.127892613410949707e+00
-2.134951829910278320e+00
-2.888516426086425781e+00
3.110074996948242188e+00
-1.172697544097900391e+00
-4.528973102569580078e-01
-4.298448562622070312e-01
-5.044893622398376465e-01
-3.378585278987884521e-01
1.104877233505249023e+00
2.807572185993194580e-01
-2.478529214859008789e+00
-1.934941530227661133e+00
-1.057530120015144348e-01
-3.176476716995239258e+00
-4.461399555206298828e+00
-5.789078712463378906e+00
6.466191411018371582e-01
1.212258815765380859e+00
-2.316105604171752930e+00
-8.887692689895629883e-01
1.660632491111755371e-01
1.655306577682495117e+00
1.875071406364440918e+00
-8.915106207132339478e-02
-8.373016119003295898e-02
3.648827075958251953e+00
-1.558614730834960938e+00
2.377572804689407349e-01
1.621311187744140625e+00
-3.288187682628631592e-01
-2.730030536651611328e+00
-2.464826345443725586e+00
1.824294686317443848e+00
1.809343457221984863e+00
-5.449494123458862305e-01
-4.820263087749481201e-01
8.230019807815551758e-01
-1.022488236427307129e+00
-2.046854972839355469e+00
2.256083250045776367e+00
-2.583744287490844727e+00
4.497301578521728516e-01
-4.330102205276489258e-01
8.429293632507324219e-01
6.061671972274780273e-01
2.457738637924194336e+00
-5.584308505058288574e-01
1.168795466423034668e+00
-2.115366697311401367e+00
1.519597053527832031e+00
3.809883356094360352e+00
1.589335083961486816e+00
-8.710590362548828125e+00
-9.900070428848266602e-01
-1.873578310012817383e+00
1.388915181159973145e+00
4.187957644462585449e-01
3.111159205436706543e-01
5.483774468302726746e-02
5.787752866744995117e-01
3.487169981002807617e+00
2.483955621719360352e-01
2.669337272644042969e+00
2.025678157806396484e+00
-3.870539665222167969e-01
-2.409926891326904297e+00
-6.180336475372314453e-01
2.758844494819641113e-01
-1.050020933151245117e+00
-2.760488390922546387e-01
-1.358860135078430176e+00
-2.638983130455017090e-01
-1.524986505508422852e+00
1.188543677330017090e+00
-1.537450790405273438e+00
1.229501247406005859e+00
1.897987246513366699e+00
-2.536707520484924316e-01
6.022458672523498535e-01
-7.933061122894287109e-01
-4.071216106414794922e+00
9.615051746368408203e-01
4.729221463203430176e-01
-1.013077855110168457e+00
-2.504542112350463867e+00
5.410945415496826172e-01
-1.536892175674438477e+00
5.169941425323486328e+00
1.448514938354492188e+00
-2.861268818378448486e-01
-6.611928939819335938e-01
1.018290519714355469e+00
-1.514396548271179199e+00
2.018906593322753906e+00
-1.476477861404418945e+00
5.174279212951660156e-01
-2.557459354400634766e+00
1.275204181671142578e+00
-4.055101394653320312e+00
1.663881683349609375e+01
3.574824571609497070e+00
-3.347154855728149414e-01
1.380469560623168945e+00
-7.702668905258178711e-01
-4.730039596557617188e+00
-4.749794960021972656e+00
5.925462841987609863e-01
3.837841153144836426e-01
-2.811258316040039062e+00
1.259732604026794434e+00
-7.209644794464111328e+00
-1.614938735961914062e+00
2.892163991928100586e-01
1.668499469757080078e+00
-6.533500671386718750e+00
-1.126803994178771973e+00
-1.619965881109237671e-01
1.816937685012817383e+00
2.777879238128662109e+00
1.072070121765136719e+00
2.445412874221801758e+00
5.617963314056396484e+00
-1.048501610755920410e+00
4.642122268676757812e+00
2.747655391693115234e+00
2.303792953491210938e+00
2.266729809343814850e-02
-3.340645730495452881e-01
-1.125274658203125000e+00
-2.960920810699462891e+00
3.806117057800292969e+00
4.596324920654296875e+00
1.428866267204284668e+00
-2.331923961639404297e+00
2.211998999118804932e-01
-6.914994120597839355e-01
-3.596238195896148682e-01
2.436812400817871094e+00
1.595562696456909180e+00
-9.207342267036437988e-01
3.843465447425842285e-01
-3.492888450622558594e+00
-2.014652490615844727e+00
-2.586386442184448242e+00
-1.155534148216247559e+00
3.809986114501953125e+00
6.977055549621582031e+00
-2.575846947729587555e-02
8.128432035446166992e-01
4.278616905212402344e+00
2.212729692459106445e+00
-2.985592842102050781e+00
-2.463026285171508789e+00
2.658774375915527344e+00
-3.129165887832641602e+00
-3.181417703628540039e+00
1.130065917968750000e+00
-2.126436710357666016e+00
-1.109967470169067383e+00
6.391707062721252441e-01
-3.572194576263427734e+00
4.974460601806640625e-01
1.761812716722488403e-01
-4.328313350677490234e+00
1.200308561325073242e+00
1.507874876260757446e-01
5.963523387908935547e-01
2.449967622756958008e+00
2.646266937255859375e+00
-1.861425042152404785e-01
6.023519039154052734e-01
1.100409269332885742e+00
9.499875903129577637e-01
2.331438302993774414e+00
4.294963479042053223e-01
2.447190523147583008e+00
3.525144457817077637e-01
-2.785321176052093506e-01
-1.867343783378601074e+00
1.487530708312988281e+00
-7.584187030792236328e+00
1.392472147941589355e+00
-6.374140977859497070e-01
2.815519571304321289e+00
-7.958291769027709961e-01
1.517155528068542480e+00
3.286439657211303711e+00
-3.219673395156860352e+00
2.423079967498779297e+00
-1.858168482780456543e+00
-7.384293675422668457e-01
-2.160131216049194336e+00
5.134945869445800781e+00
-1.248040676116943359e+00
3.604893207550048828e+00
1.311973810195922852e+00
4.971335828304290771e-01
9.189913868904113770e-01
8.977267146110534668e-01
-1.598206996917724609e+00
-1.281975626945495605e+00
-3.203749656677246094e-01
-3.191289901733398438e-01
2.467694520950317383e+00
8.847774267196655273e-01
-2.327533721923828125e+00
7.558859586715698242e-01
2.475861907005310059e-01
-2.495576143264770508e+00
1.340000510215759277e+00
3.494207561016082764e-01
2.019268989562988281e+00
1.303033232688903809e+00
1.519774198532104492e+00
7.523768395185470581e-02
7.425383478403091431e-02
1.009582728147506714e-01
-1.741006016731262207e+00
1.875836014747619629e+00
-4.589990615844726562e+00
1.568335890769958496e+00
1.895169138908386230e+00
8.970875144004821777e-01
-4.804943084716796875e+00
-2.127004146575927734e+00
-1.050039529800415039e+00
7.521784305572509766e-01
4.182559490203857422e+00
2.640556335449218750e+00
-5.001259446144104004e-01
4.092160224914550781e+00
-2.211766004562377930e+00
-5.286558628082275391e+00
-2.949345827102661133e+00
-3.015288114547729492e-01
2.468622207641601562e+00
-3.594807386398315430e+00
2.172622680664062500e+00
-6.779484748840332031e+00
-1.202404856681823730e+00
1.523677587509155273e+00
1.039379835128784180e+00
-5.915988922119140625e+00
7.394827604293823242e-01
-2.936533689498901367e-01
6.723505854606628418e-01
1.259698271751403809e+00
-8.694397807121276855e-01
5.139191627502441406e+00
4.626698493957519531e+00
-5.957432985305786133e-01
2.798903465270996094e+00
3.961403608322143555e+00
4.044022560119628906e+00
1.305470824241638184e+00
-1.390487328171730042e-02
7.450261116027832031e-01
-2.946138381958007812e+00
-4.828715622425079346e-01
-6.962867081165313721e-02
-7.452523708343505859e-02
-3.472969532012939453e+00
2.591882228851318359e+00
-2.708889007568359375e+00
1.863473534584045410e+00
-1.204329490661621094e+00
1.349692344665527344e+00
1.172186851501464844e+00
3.813283145427703857e-01
-4.669847488403320312e+00
-5.589730739593505859e-01
-3.561124801635742188e+00
-3.667700529098510742e+00
3.382794380187988281e+00
4.506148338317871094e+00
9.067718982696533203e-01
9.660287499427795410e-01
3.080596208572387695e+00
1.524729609489440918e+00
-1.789346814155578613e+00
-1.367831826210021973e+00
2.828851938247680664e+00
-2.820385217666625977e+00
-2.394944190979003906e+00
6.722360253334045410e-01
-1.793395161628723145e+00
-4.581022739410400391e+00
6.497706174850463867e-01
-3.456496715545654297e+00
-1.493867933750152588e-01
2.975621819496154785e-01
-5.179218769073486328e+00
-9.296060800552368164e-01
-5.069894790649414062e-01
-1.107307553291320801e+00
4.990641176700592041e-01
6.634368896484375000e-01
-2.490263462066650391e+00
2.264391899108886719e+00
1.039377927780151367e+00
9.591708183288574219e-01
2.371878147125244141e+00
-2.870259284973144531e-01
1.855896472930908203e+00
8.150199651718139648e-01
5.332375168800354004e-01
-4.265441559255123138e-03
1.792648792266845703e+00
-4.720572948455810547e+00
1.173475384712219238e+00
-1.561944007873535156e+00
2.574128866195678711e+00
-8.274822831153869629e-01
5.023043751716613770e-01
1.065017461776733398e+00
-2.827365636825561523e+00
3.616303443908691406e+00
-1.365162014961242676e+00
1.867055058479309082e+00
2.396070957183837891e-01
2.976736068725585938e+00
-2.991620302200317383e+00
2.237607479095458984e+00
1.280154287815093994e-01
1.860449194908142090e+00
1.699561595916748047e+00
-2.154128998517990112e-01
-1.205112099647521973e+00
-1.868486642837524414e+00
1.758631467819213867e+00
1.029497504234313965e+00
3.144895076751708984e+00
1.060688376426696777e+00
-2.970200777053833008e+00
-7.064489722251892090e-01
-9.676523804664611816e-01
-3.608566999435424805e+00
-1.822484433650970459e-01
-6.482630968093872070e-01
1.099001526832580566e+00
1.133458971977233887e+00
2.083978891372680664e+00
2.033589780330657959e-01
-4.745737090706825256e-02
5.412375330924987793e-01
-2.681440114974975586e+00
3.596204996109008789e+00
-3.037652492523193359e+00
-1.102548539638519287e-01
2.905512414872646332e-02
2.946187496185302734e+00
-3.822182416915893555e+00
-4.531014919281005859e+00
1.008790612220764160e+00
-4.794698059558868408e-01
2.909066438674926758e+00
4.157852172851562500e+00
-5.076407790184020996e-01
1.796136260032653809e+00
-4.208937287330627441e-01
-2.657954692840576172e+00
-1.705165386199951172e+00
1.966165661811828613e+00
-1.453647971153259277e+00
-3.005605459213256836e+00
7.130799889564514160e-01
-3.367233276367187500e+00
-2.458896636962890625e-01
-2.041286602616310120e-02
3.016658306121826172e+00
-6.730659008026123047e+00
-2.974306344985961914e+00
2.745764255523681641e+00
8.208964467048645020e-01
-7.659310698509216309e-01
1.116885066032409668e+00
-1.230742931365966797e+00
6.784415245056152344e+00
1.142136693000793457e+00
4.797166824340820312e+00
7.806152105331420898e-02
4.711838364601135254e-01
-1.178010329604148865e-01
-2.902685642242431641e+00
-1.952360510826110840e+00
-2.503321170806884766e+00
2.842400312423706055e+00
6.100502014160156250e+00
5.422648191452026367e-01
-1.182491183280944824e+00
-2.024846822023391724e-01
-1.035968422889709473e+00
-1.521298885345458984e+00
3.081636905670166016e+00
1.517473936080932617e+00
-7.895706295967102051e-01
-2.275544643402099609e+00
-1.204821586608886719e+00
-2.709524631500244141e+00
1.515138268470764160e+00
-4.107500016689300537e-01
4.714672088623046875e+00
7.259718894958496094e+00
-5.246860980987548828e-01
2.490942239761352539e+00
1.321022272109985352e+00
1.006939530372619629e+00
1.817702502012252808e-01
-2.584115028381347656e+00
7.395498752593994141e-01
-2.218869209289550781e+00
-1.948006629943847656e+00
-2.204863309860229492e+00
-3.706270456314086914e+00
-1.983215570449829102e+00
1.862701177597045898e-01
-2.809142470359802246e-01
1.152069449424743652e+00
1.248373270034790039e+00
-1.536118030548095703e+00
-1.501721978187561035e+00
2.270804166793823242e+00
2.341257095336914062e+00
4.713594913482666016e-01
3.485115766525268555e+00
-6.745920181274414062e-01
-5.684974193572998047e-01
-1.405799865722656250e+00
-8.601839542388916016e-01
4.251261234283447266e+00
1.845782876014709473e+00
1.745547175407409668e+00
-1.507355928421020508e+00
1.856559216976165771e-01
-3.497725248336791992e+00
1.484106779098510742e+00
-5.825308799743652344e+00
2.575626373291015625e-01
-2.536362409591674805e+00
2.668018102645874023e+00
-1.775443077087402344e+00
2.134048938751220703e+00
5.563359737396240234e+00
-7.731300592422485352e-02
1.743122190237045288e-01
-2.718468427658081055e+00
1.168739676475524902e+00
-2.186928510665893555e+00
3.501588582992553711e+00
-2.348217010498046875e+00
-2.350752055644989014e-02
2.391133785247802734e+00
-5.239292383193969727e-01
-1.323929071426391602e+00
1.774088263511657715e+00
-2.723698854446411133e+00
-2.354206323623657227e+00
2.163653373718261719e+00
2.229243993759155273e+00
2.804838180541992188e+00
1.483301043510437012e+00
-1.676956713199615479e-01
2.399888448417186737e-02
2.125714540481567383e+00
-4.809170246124267578e+00
3.581280708312988281e+00
-2.362417429685592651e-01
1.692447423934936523e+00
4.674405157566070557e-01
6.472502946853637695e-01
1.501473635435104370e-01
-1.122191071510314941e+00
2.813252806663513184e-01
-4.887760281562805176e-01
-4.399092495441436768e-01
-3.506329536437988281e+00
1.876874268054962158e-01
2.102286577224731445e+00
-2.128942966461181641e+00
-2.283714771270751953e+00
2.464955896139144897e-01
-1.691768527030944824e+00
5.324444174766540527e-01
-2.137485980987548828e+00
6.444800496101379395e-01
-2.676426172256469727e+00
2.989798545837402344e+00
-4.086174070835113525e-01
-6.064488410949707031e+00
-4.707216739654541016e+00
1.334339618682861328e+00
-1.502679347991943359e+00
-1.672288060188293457e+00
-5.054731369018554688e-01
1.137507796287536621e+00
-2.751091718673706055e-01
-3.348816037178039551e-01
-5.782966613769531250e-01
-5.391332149505615234e+00
-2.295089006423950195e+00
1.167307853698730469e+00
1.676656484603881836e+00
-5.319978594779968262e-01
6.581038236618041992e-01
-3.731551766395568848e-01
5.400856018066406250e+00
-1.239871740341186523e+00
6.691155910491943359e+00
-2.275027990341186523e+00
-6.803816556930541992e-01
-1.785332337021827698e-02
-3.785068988800048828e+00
2.696684002876281738e-01
2.073749303817749023e+00
2.148964405059814453e+00
2.757615327835083008e+00
2.318119049072265625e+00
1.361029267311096191e+00
-9.207257628440856934e-01
-1.153671070933341980e-01
-1.657956361770629883e+00
3.115584611892700195e+00
-8.705531805753707886e-02
-3.670710086822509766e+00
-2.447802782058715820e+00
-1.663618564605712891e+00
3.897269442677497864e-02
-6.792566776275634766e-01
-1.209574580192565918e+00
2.855371475219726562e+00
6.504871368408203125e+00
2.541802644729614258e+00
2.882429122924804688e+00
-1.405828118324279785e+00
1.533682346343994141e+00
-2.365200668573379517e-01
-9.122402071952819824e-01
1.682237982749938965e+00
-2.437864303588867188e+00
4.277424141764640808e-02
-2.366572851315140724e-03
-6.381266713142395020e-01
-1.232598304748535156e+00
7.454849481582641602e-01
-3.322046399116516113e-01
1.430030584335327148e+00
-6.033572554588317871e-01
-2.093448162078857422e+00
-1.616194725036621094e+00
-4.545839726924896240e-01
7.399082183837890625e-01
-1.484100818634033203e+00
1.959698796272277832e+00
4.929163455963134766e-01
2.715946912765502930e+00
-6.854508519172668457e-01
5.078324079513549805e-01
4.157223701477050781e+00
2.287020683288574219e+00
3.853980779647827148e+00
-1.092966198921203613e+00
2.320810258388519287e-01
-1.155889391899108887e+00
2.604712247848510742e+00
-6.297523498535156250e+00
2.118181467056274414e+00
-1.764756202697753906e+00
-2.458941340446472168e-01
-6.121477857232093811e-02
9.215084314346313477e-01
1.142125487327575684e+00
1.510789632797241211e+00
1.171473622322082520e+00
-1.932080388069152832e+00
3.375187158584594727e+00
-1.717010378837585449e+00
2.199214398860931396e-01
-1.724560022354125977e+00
4.079475879669189453e+00
3.103769540786743164e+00
-3.347719192504882812e+00
-8.089618086814880371e-01
-1.155270457267761230e+00
-1.665168404579162598e+00
-3.136315584182739258e+00
1.617726922035217285e+00
1.685090422630310059e+00
3.050845384597778320e+00
1.070269465446472168e+00
-4.269241094589233398e-01
-3.664680719375610352e-01
2.639922380447387695e+00
-5.591862678527832031e+00
6.631670892238616943e-02
-3.978352546691894531e-01
7.249397039413452148e-01
1.438171118497848511e-01
5.858124494552612305e-01
-1.922261595726013184e+00
3.826524829491972923e-03
3.511582612991333008e+00
-7.931098937988281250e-01
-8.234204649925231934e-01
-5.266380310058593750e+00
1.240450859069824219e+00
2.605903863906860352e+00
-4.846508204936981201e-01
-3.540033847093582153e-02
3.816911697387695312e+00
6.197204813361167908e-02
-1.252663016319274902e+00
4.350088596343994141e+00
1.745660662651062012e+00
-1.450813710689544678e-01
1.314264774322509766e+00
-2.903941459953784943e-02
-4.480793952941894531e+00
-5.324717521667480469e+00
1.774972915649414062e+00
-6.662732601165771484e+00
3.301322221755981445e+00
-2.748569965362548828e+00
6.075952529907226562e+00
6.443220973014831543e-01
-2.052765607833862305e+00
-1.836107492446899414e+00
2.656471014022827148e+00
-4.312743663787841797e+00
8.736397027969360352e-01
-1.946730971336364746e+00
-2.243632793426513672e+00
7.682583928108215332e-01
-1.237485885620117188e+00
5.425702571868896484e+00
-1.198939442634582520e+00
6.002069950103759766e+00
-2.949390649795532227e+00
-4.685863494873046875e+00
-2.206115245819091797e+00
-4.007914543151855469e+00
-1.708353519439697266e+00
6.842389583587646484e+00
6.484008312225341797e+00
-1.371595978736877441e+00
-5.228863954544067383e-01
3.389963865280151367e+00
9.346155077219009399e-02
7.811345905065536499e-02
-3.117184877395629883e+00
4.821444988250732422e+00
-7.020506262779235840e-01
-4.697266578674316406e+00
-5.020321846008300781e+00
2.948245048522949219e+00
9.905762076377868652e-01
3.774015188217163086e+00
1.197506427764892578e+00
6.671096682548522949e-01
4.809175491333007812e+00
1.106204748153686523e+00
-4.221076369285583496e-01
-3.107128620147705078e+00
1.056952595710754395e+00
-1.862022042274475098e+00
1.360284090042114258e+00
-1.720394372940063477e+00
1.193319439888000488e+00
2.731629848480224609e+00
-8.490076661109924316e-01
2.022959232330322266e+00
-1.477276563644409180e+00
2.195700407028198242e+00
3.377253055572509766e+00
3.741901636123657227e+00
-1.549780845642089844e+00
1.784160494804382324e+00
-9.901562929153442383e-01
1.679087042808532715e+00
3.232462406158447266e+00
-1.510220885276794434e+00
1.269627690315246582e+00
1.244787573814392090e+00
5.172058582305908203e+00
-2.330928564071655273e+00
1.972796440124511719e+00
3.875531196594238281e+00
-1.992997527122497559e-01
2.271388292312622070e+00
-3.146577596664428711e+00
-2.985785007476806641e+00
-1.445868372917175293e+00
2.518980979919433594e+00
-5.171972751617431641e+00
3.592295646667480469e+00
-2.734952211380004883e+00
-4.507708072662353516e+00
1.861887454986572266e+00
1.226833462715148926e+00
-6.190354228019714355e-01
2.282859802246093750e+00
-1.484352231025695801e+00
-1.277059674263000488e+00
3.210209369659423828e+00
-1.492830514907836914e+00
-2.685467243194580078e+00
-1.489779114723205566e+00
3.120812892913818359e+00
2.895723342895507812e+00
-2.699645519256591797e+00
-1.004497647285461426e+00
-4.896093308925628662e-01
-5.371530055999755859e+00
-2.859556436538696289e+00
-2.848337650299072266e+00
2.869966506958007812e+00
-9.422101080417633057e-02
-1.058511853218078613e+00
9.349600076675415039e-01
1.775168478488922119e-01
2.081834793090820312e+00
-5.009154319763183594e+00
-1.539591670036315918e+00
-2.661943435668945312e-01
1.068536758422851562e+00
2.115461111068725586e+00
-3.321713685989379883e+00
-5.599850654602050781e+00
-1.689960002899169922e+00
2.843542575836181641e+00
1.007421016693115234e+00
2.373255193233489990e-01
-4.675098419189453125e+00
-5.459362864494323730e-01
1.856330871582031250e+00
-2.739839315414428711e+00
4.830238342285156250e+00
1.056821918487548828e+01
1.600977063179016113e+00
-1.448769211769104004e+00
1.148764610290527344e+01
-4.661977767944335938e+00
-1.924737930297851562e+00
-9.567983746528625488e-01
-1.115945339202880859e+00
-2.034690618515014648e+00
-7.342288017272949219e+00
2.993891954421997070e+00
-6.477209568023681641e+00
3.200714111328125000e+00
-3.933160543441772461e+00
1.039897155761718750e+01
2.607359170913696289e+00
-2.040883302688598633e+00
-1.657795786857604980e+00
-1.803874373435974121e+00
-4.836341857910156250e+00
4.185573101043701172e+00
4.111281335353851318e-01
-3.640681505203247070e-01
1.553393602371215820e+00
-2.351601123809814453e+00
5.624679565429687500e+00
3.404403924942016602e-01
8.735736846923828125e+00
-2.470477581024169922e+00
-3.563387393951416016e+00
-5.011009216308593750e+00
-4.439934253692626953e+00
9.909079074859619141e-01
7.244693756103515625e+00
5.021749496459960938e+00
1.902363300323486328e+00
1.026091933250427246e+00
2.210582017898559570e+00
-9.023853540420532227e-01
-1.156216621398925781e+00
-5.130946159362792969e+00
7.016494750976562500e+00
2.867063879966735840e-01
-6.835602283477783203e+00
-2.441007137298583984e+00
1.383140206336975098e+00
3.269472599029541016e+00
4.015219688415527344e+00
-3.880603937432169914e-03
2.119390487670898438e+00
1.011426258087158203e+01
5.426493883132934570e-01
-2.083724260330200195e+00
-2.312612771987915039e+00
-1.689740538597106934e+00
1.232519000768661499e-02
1.445643603801727295e-01
-2.382148981094360352e+00
-5.244609117507934570e-01
-1.722386598587036133e+00
-2.014492452144622803e-01
2.441008329391479492e+00
1.840072751045227051e+00
2.815776824951171875e+00
2.264433622360229492e+00
3.898777723312377930e+00
-2.150385975837707520e-01
-1.164979338645935059e+00
-3.296981811523437500e+00
3.119785308837890625e+00
3.401853322982788086e+00
-2.735206365585327148e+00
3.330747365951538086e+00
3.482546329498291016e+00
5.610421180725097656e+00
-2.823023080825805664e+00
2.911098897457122803e-01
6.419406414031982422e+00
7.659976482391357422e-01
2.735494136810302734e+00
4.799262285232543945e-01
-5.046368598937988281e+00
-4.587821960449218750e+00
1.932478547096252441e+00
-5.286520957946777344e+00
4.676283836364746094e+00
-3.223360538482666016e+00
-5.343959808349609375e+00
-6.293078064918518066e-01
1.598838448524475098e+00
4.472779929637908936e-01
1.954541683197021484e+00
-1.239873528480529785e+00
-2.509398698806762695e+00
-2.343369722366333008e+00
-2.300294876098632812e+00
4.542119503021240234e-01
-1.965666860342025757e-01
2.456131458282470703e+00
2.028619050979614258e+00
-4.465236663818359375e+00
-2.530522346496582031e-01
9.698601365089416504e-01
-4.237279891967773438e+00
-8.962523937225341797e-01
-1.203624129295349121e+00
4.079473972320556641e+00
1.782795786857604980e+00
-1.492859601974487305e+00
1.333097100257873535e+00
7.957036495208740234e-01
3.438950777053833008e+00
-4.314043045043945312e+00
-1.770565867424011230e+00
-1.828901052474975586e+00
3.098497867584228516e+00
2.019079402089118958e-02
-4.064511954784393311e-01
-3.019911289215087891e+00
-4.666267395019531250e+00
3.380488872528076172e+00
2.485664933919906616e-01
2.255230247974395752e-01
-4.851013660430908203e+00
-8.903267234563827515e-02
4.459215641021728516e+00
-2.347485780715942383e+00
2.473696708679199219e+00
1.000588703155517578e+01
2.377072572708129883e+00
7.017627358436584473e-01
2.956218242645263672e+00
-2.342865467071533203e+00
-3.261367082595825195e+00
3.723846375942230225e-01
4.642062485218048096e-01
-2.397626161575317383e+00
-6.484716892242431641e+00
